/*--------------------------------*- C++ -*----------------------------------*\
| =========                 |                                                 |
| \\      /  F ield         | OpenFOAM: The Open Source CFD Toolbox           |
|  \\    /   O peration     | Version:  4.1                                   |
|   \\  /    A nd           | Web:      www.OpenFOAM.org                      |
|    \\/     M anipulation  |                                                 |
\*---------------------------------------------------------------------------*/
FoamFile
{
    version     2.0;
    format      ascii;
    class       labelList;
    note        "nPoints:1717  nCells:6372  nFaces:13928  nInternalFaces:11560";
    location    "constant/polyMesh";
    object      neighbour;
}
// * * * * * * * * * * * * * * * * * * * * * * * * * * * * * * * * * * * * * //


11560
(
122
249
5474
4
39
271
466
109
174
430
702
245
661
670
5549
50
279
983
990
4230
5587
305
532
5049
5749
106
521
4174
5249
68
242
4314
4793
82
337
5317
47
4301
4310
4909
2737
3605
5925
6160
133
1429
3933
5807
14
346
772
4308
25
1933
164
1025
3416
127
332
1092
2843
107
114
1028
5577
38
110
175
1127
92
435
2266
4267
45
75
691
4408
80
1481
5392
5535
210
1377
1762
4581
129
303
2519
5264
43
1378
4874
4914
1043
1724
4307
86
121
882
408
1105
2143
33
512
564
1220
48
71
298
497
1530
4433
4744
5025
184
224
5812
6291
675
1306
2041
6291
179
206
4801
66
240
2133
4601
37
191
4396
5127
329
3317
3946
6034
652
812
2695
111
417
4353
50
866
1059
74
135
259
411
1968
4239
4350
315
1051
4245
125
351
537
150
707
810
1402
497
966
4264
526
999
5243
5531
493
4394
4833
49
1079
2518
71
672
705
266
522
173
360
425
5266
70
278
371
810
408
3021
4311
5387
133
406
1306
69
137
1521
4392
1741
4233
4621
5190
115
123
2858
4988
90
156
4280
5402
673
841
4619
4656
226
997
5302
205
4234
4656
5237
64
102
144
595
247
1138
1377
1886
155
676
695
76
316
415
1104
1570
4307
73
115
562
5290
87
710
726
125
742
4875
398
856
2115
1240
4410
92
2085
4268
4799
123
727
2868
165
260
4480
188
1687
4263
584
1420
4326
293
2033
4323
220
1592
4317
285
390
4336
4662
4227
4272
4930
113
360
1320
5027
88
172
584
523
2688
3870
96
239
4436
5743
122
178
324
1221
187
231
2939
176
527
1036
415
5312
97
181
4246
4401
288
378
4650
251
257
2153
383
2616
154
626
5746
6156
145
485
597
1500
238
4389
5743
6068
2649
2989
3050
629
2163
4259
364
416
487
4257
302
2434
3882
5534
666
1225
2713
224
4890
5812
229
490
3736
112
262
551
2085
532
3184
4413
6219
237
281
409
1493
686
4525
6201
447
533
560
602
1903
4957
5210
216
1558
1739
463
660
673
461
540
4352
277
342
571
570
901
4925
310
560
2455
200
894
201
413
1007
5127
379
2200
3294
3642
574
819
964
4733
569
5850
5925
6160
206
309
564
801
187
872
903
1266
1142
2785
192
1311
2073
4289
136
693
204
263
553
1592
368
662
2631
1026
2395
2510
4606
219
549
1492
227
935
1576
5291
176
606
2859
4341
527
2034
4276
5465
2429
6291
864
2266
2932
4663
165
3765
137
269
518
268
519
646
777
1810
4247
196
236
399
1040
286
644
4363
5245
287
643
4363
5869
389
460
4660
5615
2354
2676
4276
4649
155
871
1340
394
551
5639
394
659
4863
254
1438
4398
4648
436
893
4455
171
456
721
2556
380
1587
2214
173
322
563
4730
614
780
2494
6055
934
1198
1756
5449
335
5857
6219
476
1179
288
774
5557
2020
4219
4496
795
1037
1595
4682
243
2856
4493
4833
349
1005
1085
2036
162
313
1300
2058
1262
2423
4329
181
213
4246
607
1942
4514
573
3481
186
354
395
891
209
336
3246
5543
222
675
878
1478
312
753
2495
5024
318
994
4235
1483
4402
450
682
5312
558
654
216
689
2090
660
682
789
397
879
183
320
375
2377
3476
4371
283
536
637
521
5715
6068
6073
546
1146
453
1055
6017
6118
625
1711
5212
861
5891
6295
239
2134
2989
781
1853
4598
563
4666
195
2344
4409
294
3517
5843
806
4331
4418
334
413
510
3473
5735
244
610
630
1005
794
4218
4699
278
325
1430
590
4312
4538
1191
2414
4540
5237
323
431
948
5622
2825
3242
4243
4519
215
221
2858
899
2110
4792
270
320
625
4251
235
587
4966
5153
1529
4235
714
1002
4232
342
366
278
1359
2274
4945
422
737
4283
608
1068
4997
657
834
1820
745
752
4490
5061
1201
4418
5602
1237
3749
4247
227
1030
2697
5448
310
314
1150
464
4576
573
877
4480
5036
492
953
2152
4695
331
5186
5265
289
395
4318
314
2873
5071
2516
4317
230
362
954
2928
1301
1704
302
407
6177
6181
337
715
5315
1373
4971
754
3128
3604
4438
256
1340
1694
605
863
2042
251
255
4642
476
565
756
871
854
2705
3519
4903
613
1917
2933
4411
1033
2992
4864
572
909
340
2607
2990
5716
6069
2582
5679
346
678
4308
724
1402
1591
3162
510
809
1976
561
2755
4394
735
880
3325
369
556
4983
642
703
746
4963
953
3662
4528
3121
4356
5777
455
709
2974
4255
4426
4521
1840
2939
1872
3348
3612
5979
1080
1187
4942
5081
619
4646
6184
257
665
4641
435
1071
1970
353
4514
1781
2737
3957
6298
260
445
1555
599
2061
832
2254
4634
4826
571
1049
5125
395
1186
4236
298
497
1249
1313
280
605
862
4653
547
4322
4510
392
410
1017
2578
897
1190
4391
537
898
1189
318
694
4236
1165
1681
2275
321
692
4306
4691
3522
4047
5892
1849
4338
5065
5066
536
832
1129
4347
418
1235
2010
5459
366
1059
1174
4263
998
4578
299
955
1339
1494
2677
339
516
4102
6130
381
589
1129
820
4422
4469
4538
575
818
5638
593
4487
5751
2310
5868
6180
1182
4838
2041
4252
332
905
4804
5603
400
429
441
1080
640
855
3345
4783
402
3213
4888
462
529
6036
388
896
2177
4898
343
1010
2601
6099
354
1112
1936
4723
804
4897
845
4652
482
802
1070
1742
2231
2885
4581
5281
1123
5083
618
1083
2754
418
1656
4262
4499
494
593
5751
362
605
1719
3316
458
859
3326
693
1344
2365
2397
855
1131
4784
511
1335
2675
4658
4693
515
2171
4835
2471
5014
5597
452
2738
667
994
4306
828
1263
4325
2046
2700
4587
5066
667
850
425
4730
4732
5321
4462
5351
667
668
2846
658
1083
1269
4374
4690
4754
1799
4372
5473
433
1379
4946
1004
1157
4304
787
893
956
3773
574
1031
1230
2079
1099
3796
4476
437
590
4312
5562
449
469
2223
910
3005
414
4002
5743
6069
747
965
1261
1573
2903
4413
1154
1482
2298
450
997
345
1126
4461
4709
788
1047
2889
685
1407
2004
598
927
1224
1234
1130
4799
764
1641
2071
4228
4269
5587
356
1108
1831
828
5313
475
1898
2430
5082
513
768
4608
424
1376
1498
816
4055
6285
693
827
586
631
2048
2660
711
2078
432
781
1297
1355
2698
2933
1012
1212
5271
384
704
3052
4943
509
852
2543
6201
853
2544
4525
4639
730
5407
1414
2798
3553
6116
3579
4490
730
1373
1576
5267
720
1118
1974
543
2257
4617
5191
637
1515
615
684
791
5410
412
725
4608
640
1038
5334
1263
1615
1619
4325
398
959
1359
826
977
2762
4533
515
2412
2495
4234
457
1064
4316
4444
1892
4461
704
1589
3236
3527
729
1217
1253
1903
663
4292
4532
530
779
1856
707
849
2383
539
763
4801
1142
1392
2450
5071
647
1054
3577
491
1813
2768
1268
2097
5031
5256
721
1481
1901
734
1442
1604
2151
1752
4612
1516
5374
5648
818
3195
445
1555
4406
822
1068
1274
437
785
4734
5458
597
1273
4252
1504
2009
4928
5628
4315
4444
1818
2203
572
3538
4915
653
656
1227
1337
1980
5357
1393
4324
5502
918
1886
5924
6300
823
1181
1779
4417
2990
4613
5671
1429
2664
3244
3610
6241
5388
517
566
1242
557
1022
1501
445
2787
513
1050
4332
736
4794
479
2682
5672
828
670
937
5506
673
843
5505
477
629
430
702
1159
3775
755
1291
2415
5633
482
556
640
1149
501
1272
2552
1498
4277
4720
1807
3173
4720
470
5407
441
706
1530
5341
536
1841
1849
4346
512
1131
1522
4303
653
1539
1767
2788
5365
1079
4299
4530
1095
4726
5350
1360
4278
4720
728
935
4971
5307
1009
1287
553
787
1529
775
3461
446
1897
2439
4293
1300
2479
4517
5014
1329
1822
1861
5574
656
1197
2574
4501
4755
5702
456
2192
4260
5306
3376
4442
4664
677
464
1739
4292
837
876
4644
760
1710
4455
549
1800
2273
1029
1854
801
1285
4550
5227
511
1756
3581
1081
6045
6120
923
1428
1578
4979
578
805
5474
4403
5496
712
940
1486
3626
4870
559
1329
5415
5646
1365
2438
4542
653
789
2656
1593
6038
790
1069
4600
4282
5044
616
2060
4563
5071
1056
1165
3712
4638
5286
978
1135
2447
2981
833
4643
5293
2169
5405
5406
566
671
701
800
649
652
4459
717
924
1270
4492
1026
3113
4476
6036
540
1227
3410
1122
2522
1203
1246
1656
928
1395
4537
4822
3482
3907
5678
500
824
1200
1699
3774
4422
4470
854
1733
1415
4483
5834
1172
1210
4322
4479
3499
5638
561
1270
4393
1118
2815
3214
902
1541
1607
4492
3062
4610
5928
595
1071
1793
2003
4944
610
690
1367
1193
2521
4310
532
3026
1275
2407
2636
3991
720
2089
4258
4785
830
565
635
1122
4850
503
531
1111
4741
1001
1735
4961
601
1655
4284
529
1145
1183
1852
1042
1115
4691
869
3675
4373
909
1162
4443
4684
507
544
632
1053
545
633
1167
834
1377
4528
1855
4639
4698
914
4396
1139
4262
536
2212
4331
5354
520
1435
2824
3709
1985
4657
838
4996
6264
685
701
2008
1960
5373
6047
733
1961
5373
1232
4458
5168
3803
5688
1013
4509
2682
2991
3907
1119
2052
4354
5021
1084
1454
2678
5021
1027
4360
6177
879
1034
1156
4414
4842
1117
2520
1025
2078
4514
624
1115
1382
1725
837
2179
2474
650
1429
3257
5808
2693
3419
4102
6264
2269
551
575
2085
5639
567
871
1284
653
843
769
2032
5878
6237
616
1345
2486
4564
1460
2651
4738
621
1332
1661
622
1018
2790
1237
1982
3413
991
1137
1172
1124
1125
1642
6099
2008
4944
552
825
1174
2321
1174
589
637
1233
1186
4455
1770
2289
4227
4273
1042
1695
4692
5203
4290
4811
736
965
1606
1083
5264
5266
624
1021
1648
1139
5231
3659
4492
894
1024
1030
654
4667
1131
5227
1205
4264
1494
3527
732
1160
4268
805
1173
4933
1282
2638
628
730
2146
1130
1742
4665
2131
2411
2969
825
4268
769
3719
4050
5912
981
4991
5232
5281
765
4990
5077
1046
3227
5924
5955
2543
2554
4375
785
2544
3453
1057
1361
4518
5282
1175
1560
1732
2089
1127
5317
1323
1341
4320
6052
746
1222
3688
2247
3302
5154
1453
1880
2667
5955
884
1284
909
4683
1088
1153
1361
1363
691
4347
4408
4805
799
798
4504
5869
1758
2190
1947
4766
5275
1226
2155
4545
5586
1798
2567
4481
3023
3608
4343
6239
1196
1256
2031
831
1253
1528
1572
3923
4295
1664
4069
4085
5561
646
1806
2156
2569
939
1350
1559
1065
1482
2352
835
1905
5953
6215
740
2069
2374
4484
5118
5432
850
1745
4495
2770
2882
3154
1523
1637
6129
623
1219
4451
1756
5450
3299
4333
4766
5337
1492
1503
1579
4648
4649
5872
917
1496
1692
1754
632
2897
633
2898
674
792
1283
1329
4741
850
1652
2407
3915
5747
634
1239
2385
4922
1425
2244
5589
1023
1982
735
1690
5053
1222
1657
4819
1014
2791
1331
1662
1238
2379
4568
1019
2274
4831
889
1277
1991
1841
639
698
897
1318
699
898
1319
1302
1314
2828
6029
1000
1285
5226
798
912
3228
799
911
3229
4312
4539
5389
5544
1737
2163
1406
1596
4800
1109
2262
4313
4793
923
2175
972
2303
3374
1729
4302
4482
747
1351
1320
4642
1396
1609
4563
4693
778
4983
3025
4555
4581
1811
1851
4731
958
1273
2525
1091
1836
1038
1542
2669
1092
4332
1801
4622
4650
889
2794
4241
711
882
2519
2692
4349
5521
1254
692
694
1212
686
821
3445
6200
2074
5507
1589
1809
2754
1050
1325
1923
1069
1191
1618
1913
851
4318
1676
1882
2190
1356
2789
4407
790
891
4600
1240
1379
2410
4946
976
1469
1584
4427
739
1411
5278
1029
2055
933
1408
3130
4674
1771
1914
2127
1317
1856
929
2560
743
790
982
4325
1191
1757
3050
4436
2063
4575
758
776
2496
884
1129
2217
2650
2973
1114
4708
1193
1882
3736
1838
1889
4461
1052
1246
1585
2195
699
1244
4886
719
1243
886
1204
2066
2259
2519
2949
1424
2063
1125
1497
2346
1579
2236
808
1050
1228
778
2132
4904
856
1387
1294
1871
5504
2026
5031
1104
1744
4791
2644
2949
1683
4468
5112
1726
4340
4444
1518
4234
5112
1252
1763
5303
1162
1610
4442
761
1541
804
1249
2690
4945
1562
2007
5000
1732
2057
2409
5391
738
1920
2096
4288
2049
2818
4480
5037
810
888
959
1058
1290
2584
1034
1976
4647
1347
2450
4513
1385
4970
5592
1296
2103
4351
1688
884
948
1702
4512
825
1284
1495
1412
3547
5684
1155
2076
3067
834
1208
1100
1957
1536
4685
1826
1839
4368
1060
1445
1718
776
1085
3568
919
971
1564
1601
890
1264
2365
1127
4326
5038
846
1100
1114
1853
1719
4958
5446
1090
2312
4938
2395
3444
4651
5404
2930
4437
4468
4540
765
2440
4917
1514
1554
3099
5508
797
1997
4489
773
2091
1451
4390
4435
2393
2707
5148
1151
2115
4263
1187
2501
2648
5500
1367
1812
2049
1868
3090
4505
4860
1043
4307
4456
924
3277
5273
2763
2808
5010
5011
871
904
957
993
1097
3547
1328
2618
1288
2682
3406
4614
1682
4530
4690
1337
5353
1858
1980
1096
1218
2612
5574
782
857
941
2665
828
3072
4515
4834
1315
1450
3716
785
1449
1258
2398
1953
4249
4653
946
2656
833
1317
1347
3865
4773
6307
1477
2564
942
1244
2329
3727
4363
5741
5866
1651
1759
5575
3245
5425
5466
2499
5396
868
1141
1318
971
1098
858
1076
1914
4613
1075
1288
1913
1145
1816
1850
1874
829
1825
4219
977
2437
4837
881
1871
4324
5504
1053
1427
1661
3238
2904
1164
3789
5605
962
1364
1155
1442
4905
951
1798
2069
4533
1240
2398
1474
3041
4298
1744
2263
4611
4649
1079
4419
4511
1679
4314
1430
1321
1516
4659
4702
4812
5128
1073
1236
1349
1469
1251
1675
5270
2369
4923
4951
1415
5838
6091
1271
3039
4376
2666
3499
1031
3102
1153
2400
5166
3275
5249
5829
1065
1835
2578
1178
1305
1939
2030
2526
4712
5067
4532
4838
4906
1344
4913
2852
4238
948
966
4754
1401
1663
4956
1673
2212
4513
4514
1366
949
2625
1413
2605
2915
5056
2376
4000
5723
6130
1206
1229
1384
3259
988
1646
3672
4434
1707
2047
2088
1164
1400
1590
1063
1707
1390
1552
1608
2585
955
3220
5497
1022
1368
1477
1375
1538
4737
5124
1573
2280
5012
5340
2722
2926
5123
2174
858
891
1936
979
4697
980
5287
4290
4905
1090
1364
1265
5124
873
1616
5224
982
2311
1316
5028
5142
1633
2036
2410
3437
1704
5894
6169
863
1331
1749
1332
1748
1009
2267
3792
990
1281
4343
5490
1056
1352
4777
2164
4437
4467
1048
2908
4102
1837
4374
5330
1248
2253
3305
5579
1269
1715
4950
5161
5219
5253
969
2010
2978
3204
1101
1320
1629
4667
1203
1814
4645
1926
2152
5381
1306
2483
2156
2962
4529
2024
4355
4506
1455
1715
1337
4429
4609
6236
966
1228
1290
1431
2770
1298
1508
5571
1133
2068
4737
5006
1591
2213
4993
1966
5488
1521
2475
5078
4318
2222
4222
4581
5280
2879
1487
1782
905
2700
4479
4584
2216
4703
5128
1713
2268
1714
2269
956
1106
2879
1637
2494
4745
1425
1499
2848
2239
2493
4796
967
4949
1151
1583
1673
931
1484
1011
1077
3405
4549
1768
4740
4748
4900
1096
1166
3058
5573
2402
1404
5885
6288
912
1480
2123
1617
2122
1026
2014
2782
6038
1261
1679
1128
1196
1461
4286
1095
1180
5349
1526
1558
2947
1223
5926
6163
1098
1780
1867
3500
5880
6285
2723
4435
4436
4541
2724
4389
4390
4440
1351
3472
4681
5453
1156
1852
2520
4414
1591
1645
3191
4881
2161
4432
1614
4550
5228
961
3445
5563
1101
3401
4926
5539
4584
5885
1115
1822
3053
5423
1020
1239
6202
1103
1171
4780
1672
2011
950
3147
5222
5319
2965
4257
4811
1689
2245
3487
4221
1942
2308
5635
2919
4467
1243
6327
6328
1971
2109
5253
944
4187
5223
950
4178
6370
1774
3323
3909
1084
4290
4983
1020
2379
4543
6317
1079
4701
4828
978
3557
1801
1820
2567
980
3396
4174
4525
3325
5322
1338
4489
1719
1843
1007
3435
1370
1758
4802
2285
2366
4861
2358
4797
2554
5563
6318
6323
3453
4525
5830
1070
1130
5439
1062
1519
1613
4867
3335
5318
2270
4939
1205
3912
4629
3423
4321
4510
1399
2384
3231
1084
1454
2880
4290
1029
1763
1429
3199
2643
5105
5156
5726
1063
1294
2025
5505
1289
1380
3647
2993
5993
2069
3568
3849
6368
2581
5715
2582
1585
2375
4557
1478
3745
4471
5041
5490
999
1027
1044
5261
1233
1372
2321
5331
1094
2601
5468
6100
1280
1445
1660
2401
3709
4878
5478
1291
2148
2393
1833
2284
1515
1841
1928
1232
2326
4457
2614
5684
6106
3111
2005
4164
6266
6269
1685
2353
3198
4448
1743
1649
4322
5260
5262
1125
2071
2365
1231
1334
1700
1091
1213
4931
1578
1822
3269
5424
1644
3758
5203
1376
2962
3015
3209
4735
5813
1134
1957
1385
2011
2418
4271
2266
1293
5720
6101
2396
4551
1675
2298
2658
1372
4777
1426
1808
3963
1373
4378
5187
5267
3337
3540
3949
1606
1879
2378
1802
2283
5657
1249
1678
4851
1158
3486
1382
1612
2642
1100
1109
1203
3028
3076
1470
1594
2273
3294
1032
1123
1621
1651
2474
3126
2223
5291
1995
3795
4473
4474
2227
2451
4967
4275
1193
2706
4310
4965
1104
1177
2659
1721
1807
3421
1582
5138
3286
4253
5007
6165
1105
3538
1328
1564
1877
5473
1701
5421
3034
1123
1371
3882
1821
3756
5364
5365
5954
5958
1140
1319
6041
1141
2924
1686
1742
2351
1290
2726
4305
1203
1814
2056
1334
4961
1287
1406
4568
5773
6150
1964
1088
1245
2445
2095
2761
5157
1515
1681
1400
3271
1405
3754
4300
3506
4830
1898
5196
1683
2262
5030
2433
5552
1379
1633
1917
4278
1614
2228
3938
5078
1879
5390
1550
1553
1302
1442
1287
2432
2783
3153
4887
1310
1709
2267
1392
1396
1457
4563
2121
4953
3007
4615
1285
1823
2503
1453
1781
2282
6298
1435
2608
1312
1944
3079
1466
1514
1569
5336
2167
2506
2410
3173
1421
1594
2235
3714
1171
3210
4272
4929
2160
2570
1543
1587
2184
4912
2017
4963
1098
4656
5601
1643
2339
5097
2100
3919
6102
1511
2630
2446
2835
1641
2120
1767
3619
4474
4794
1517
2040
1410
1682
4895
5619
3718
4499
4779
5427
4311
2867
3661
5429
1487
1759
1887
2220
1126
2137
2246
2364
1803
3237
3252
5463
1253
1296
4297
1568
1717
2702
2187
4728
5305
1186
2499
2217
1161
2753
4668
6025
1145
1593
3240
2678
4352
4976
2325
2670
4065
5953
1371
1624
4188
1179
4832
3726
1497
1599
2397
1889
2433
4353
1736
2136
5134
1673
2272
2681
1664
4085
4181
4186
2210
4736
2802
3607
5128
1416
4025
4425
1623
3490
4328
1423
1463
4508
1753
1762
2152
1656
1946
2909
4996
5731
2922
3466
1464
2858
1503
2080
2647
4900
1672
2011
5294
5393
1510
3020
4400
1310
1694
2390
3293
2707
4361
4592
1681
4785
4810
1335
1782
5309
1687
5123
2940
4248
4652
1777
2570
1479
5543
1686
3279
1490
5697
2054
5088
2307
4706
6312
1424
1848
2422
1340
1805
4267
2932
5180
6026
1669
2402
1265
1818
2813
4854
1494
1380
1532
2143
3786
4225
1200
4960
4961
3475
4865
5726
6115
1559
4466
4852
5292
1978
2598
2714
3215
1198
4500
2046
2700
1474
2066
2628
1352
1789
3625
4477
1392
1457
1464
5626
1298
5425
5465
2195
5055
5462
1193
1916
1511
1838
4462
1680
3566
5012
1448
2159
3347
2001
2950
3113
1185
1647
2199
2805
1255
1609
2060
1853
1778
2264
1655
2135
4284
1960
3285
1961
3284
1219
1728
3083
3960
5299
1927
3321
5487
5540
1708
4381
5431
5569
1916
4850
1435
5334
5341
3581
4274
1440
1768
4748
5383
2587
4254
1343
1698
2558
2822
3076
4645
2628
5570
1284
4753
1563
1956
5613
1907
6152
6155
1366
3298
1433
1572
2996
4707
1755
2089
2248
1278
1413
3746
4561
2378
4709
1836
4932
5030
2258
3513
5284
2423
3514
4329
2577
2837
4947
1571
1768
4220
1987
2835
2953
1771
5238
1395
3247
5228
1266
4746
5586
1497
1886
3187
4548
4917
1769
3518
1500
1964
4984
5082
1374
4410
1505
1555
1956
1995
2451
4967
1735
2449
3131
3480
5343
1463
1702
1877
4433
4918
1399
1680
2995
2405
4427
4663
2075
3407
1959
3003
5565
2051
3130
1258
1547
2060
2113
2191
1650
1813
2003
2653
4999
1925
2654
3895
5283
4991
5461
2514
3012
4494
1954
4719
5033
2274
1266
2112
4745
1333
2484
4297
2678
4728
4976
4740
2174
2846
4553
1465
1547
2805
1791
1916
2334
1540
1755
4479
1325
2410
1478
1628
2483
3088
1280
1445
3271
1565
1300
2258
5285
3388
3134
5078
5079
1387
4853
2854
1345
2438
5122
5374
2026
2382
6367
1440
2568
2480
1330
3462
4377
1791
2809
4687
2351
2453
1501
3150
4224
1602
2734
4985
1330
3774
4470
3321
3498
5487
1863
1948
2119
1834
2841
4442
5035
2718
6347
1499
1833
3344
1432
1753
1926
1910
2796
4953
2312
1423
1463
1702
4512
2121
2649
1532
3307
3623
1988
1491
1643
1442
1847
5335
5342
1641
2777
5510
2725
1716
2489
3102
3233
4691
5519
2254
2408
4409
1815
2330
1698
2201
3423
5604
1787
1936
2082
4889
1364
5335
2324
4566
4642
4926
1839
2799
4368
6140
2182
4416
1458
1938
2218
3064
1346
3204
4500
4929
1416
1684
4025
1469
2657
3752
6155
3753
4256
2817
4752
4851
1386
5630
6025
1448
1911
2640
1403
1868
4871
1800
1979
1713
2654
1714
2653
4926
2062
3495
4694
1334
1427
4098
1575
2579
5216
1924
2331
4688
5019
1751
2496
1663
1817
2236
4956
1646
2219
4923
5481
1441
4918
2128
2403
4683
1339
2389
1338
2388
3438
4296
2588
3168
5578
1418
2262
4599
5030
1661
1662
2334
1409
2561
5884
1489
2623
2885
5374
4299
5620
1437
3823
1937
2508
1483
2900
4402
2200
2458
1654
2073
3584
5400
3649
5806
5935
1761
2199
2308
1578
4938
1500
4778
1381
1551
2135
5135
1572
3923
4715
1760
2158
3655
1764
1776
4978
3695
5033
5421
5580
3237
3494
5414
5463
2646
4831
1430
4993
5002
2099
2271
1378
1562
2313
2314
1648
1785
2139
2312
2226
2486
4661
2591
1798
4481
1943
2578
4708
2200
2982
4381
5568
1395
1398
1583
1696
4196
3032
4507
5611
4511
4805
4806
1638
1676
2719
2111
2222
1864
1899
4411
2180
2720
4286
5134
2484
2658
1692
1874
2018
2469
2576
5613
2729
3084
3422
4337
6026
1389
4876
1598
4485
4755
4843
1402
1935
2313
1512
1566
2788
3919
5418
5468
6049
5569
2311
3745
4888
1648
1663
4740
4901
4802
2108
2687
1659
4538
4915
5646
2362
4736
4845
2640
2914
1494
1718
2819
5090
4881
2052
5029
5038
2843
3828
4582
1605
2480
4301
1758
1931
1856
3642
1891
2927
4320
5882
2039
2518
4530
1577
1975
1961
2260
1863
2182
1416
1842
4426
1581
2888
1802
1824
2790
1741
2564
4598
1958
2250
3746
5272
3541
5316
1470
1575
2288
3700
4676
5048
2201
4803
2947
3542
2102
2791
6058
1997
1830
2175
2206
2895
2197
2207
2584
2181
3686
4295
4879
5566
1467
1706
2615
4688
2648
1441
2077
2229
4782
2861
3620
4911
2165
4053
5932
1665
2073
3406
5480
1851
4950
1535
1720
2179
2375
2886
5231
1840
2153
5634
1577
1451
1866
4698
5554
2699
3498
4465
5636
1680
2337
3021
4311
2211
5556
3150
4640
2205
2793
4672
5231
1502
3516
4569
5346
1922
2644
1502
1880
3656
2505
4672
2130
2477
4873
3755
4974
5367
3123
4441
1736
2706
5136
1677
2415
2707
6167
1841
2477
2793
3801
4818
1847
2249
3163
2331
2711
3804
1489
1801
2265
4622
5993
2579
2868
1631
2341
2735
2814
1495
1805
2031
3262
2098
2213
2215
4995
1588
5077
1568
1730
2571
5095
1729
2681
2683
4302
1943
2045
1619
3889
4420
1953
2904
3267
4270
5391
2145
1901
1973
5603
1908
2460
2638
5850
1726
5111
1734
5120
1587
1909
2538
3843
2231
5122
3715
6089
1862
2965
5110
3070
4943
2677
4524
4572
1837
4753
2014
3137
2703
1630
3288
3588
2364
2821
1781
2167
2980
2566
4927
5129
2277
2739
4406
2118
3216
4861
1819
2070
3488
4853
1626
1859
2569
1632
1666
4175
5561
1850
3200
1943
2641
1703
1989
2816
3364
4323
4860
1823
2660
4786
2062
2596
2237
5537
1986
2511
4858
2992
4830
5580
1581
2004
2607
6052
2972
3287
1849
2465
4784
2436
4760
6307
2875
4710
5612
1821
2342
3824
1754
2304
2529
1538
1638
1640
2819
4296
5528
3111
1601
1867
1650
2083
2772
2453
2733
1569
4423
5508
2048
4714
4819
1564
1780
2252
1965
2585
4285
4593
5020
5183
5632
2068
4853
2171
2528
2608
4584
5099
4972
2074
5137
1909
4911
1667
2052
4593
5021
1786
3696
4987
1771
2170
3901
4388
2183
4818
2795
2831
3265
6192
2416
2704
2709
4313
1568
1741
4620
2624
2716
3356
1566
3087
1568
2311
5503
1586
1657
5510
2576
1723
5944
5945
6134
1930
2546
4217
6061
1990
2510
3176
4513
2592
2921
4587
2136
2817
4977
5135
1864
2760
2834
3202
4542
3126
2689
2704
2422
2816
2595
3404
4482
4632
2234
2249
2797
4599
4791
2336
3360
4497
1885
2627
2414
2468
3251
2441
2896
1747
2146
2084
4813
1589
4900
1667
4081
5147
2059
2209
2501
5356
2189
3247
2390
2809
4428
3359
3485
4673
5508
5509
4880
3766
6121
2336
4498
5276
3597
1710
2018
2593
5120
2437
2605
5051
1658
1940
3829
1660
3031
5973
6242
1790
1955
2289
1657
3772
6101
2794
4843
5703
6222
1877
2132
1873
2563
3043
3643
4211
5435
1847
2803
3073
4907
5047
5455
2812
3053
2239
3659
1965
3300
5364
1647
2675
1834
1893
1736
1897
2439
5363
3246
5541
5647
3431
5579
3036
4537
1628
3417
1972
5162
6328
2565
2710
3267
1910
2414
1628
2516
2822
3316
3579
5578
1786
2455
3382
1751
1883
2021
2032
1685
4446
1696
1765
2166
3234
3545
4117
2066
2252
3069
2701
5327
6192
6224
2778
4631
5513
4925
5489
5540
1766
2505
3127
1664
4205
2540
3430
4571
5880
5881
5884
1638
1676
1788
2855
2011
2146
4471
5588
2356
4789
2164
3205
3235
4438
1788
3268
4854
2454
3548
5653
5109
2906
4305
4692
1881
4880
4534
4879
2435
2271
2027
2248
4578
1775
2456
1786
1745
2138
3194
1665
3583
5479
1792
3303
2534
2894
2297
4820
2272
4800
4822
2400
4916
5415
2370
5972
1998
5091
6011
2545
4256
2299
2301
5348
5369
2293
4623
5074
5122
1738
1893
5093
2514
2674
4552
2141
2205
2497
2741
2738
2873
1687
3539
4335
5298
2484
3392
2522
2339
3132
2256
2690
4936
2704
5460
1733
2281
2971
2930
4232
1842
3822
3342
2732
5126
3110
1904
2244
5612
3227
4222
1820
2069
2437
1915
2294
2332
3000
2014
2510
2617
4505
4882
1970
3706
2728
4700
4717
1784
5962
2039
3041
4531
2142
2064
2427
2587
1930
2426
2588
4719
4747
5033
5622
1828
2463
2994
2610
5373
5422
5468
6110
2342
2801
5136
2528
5197
3941
4807
2902
4823
5933
2157
1892
2751
3732
1852
3096
4415
5548
3466
3467
1922
2568
2081
2773
4127
1730
2257
4724
3393
5278
5308
2229
2618
3069
2215
4680
4682
1963
1966
1991
2550
2752
2838
5947
1933
2533
5428
2635
4412
1773
2253
3431
4287
3632
3934
2595
3589
2406
3379
1857
1948
4333
4561
2921
3240
1742
2733
1759
2417
4988
2030
5189
4908
1810
2462
3691
2107
2547
3158
1990
2994
1870
2064
2831
4217
2702
1854
2512
2044
2110
3464
1772
2180
2275
4579
4566
4643
5293
2360
2388
2744
2361
2389
2745
2876
5076
5778
6121
2086
3437
2216
3576
2181
6300
3503
3108
5101
2508
4540
4541
4845
2933
3048
1941
3416
2567
3292
2132
2656
1798
1996
4533
1784
5258
1797
2598
3308
1867
2171
2336
2692
2742
3000
2481
2573
3339
4387
1862
2880
4359
1986
4857
5936
6223
4572
5805
6348
2661
4293
4407
1878
4421
5500
5501
3253
4985
5172
4782
4931
1887
5445
1924
3098
4687
3222
3979
1878
2399
2642
4988
2117
2442
2467
2755
2856
2592
6044
4841
5040
5546
2390
3274
2073
3473
4616
3739
4626
1827
3142
3147
6117
1796
1947
3324
5272
1911
2337
5339
2667
2945
1877
2421
5586
2008
2579
3281
3959
5658
2081
3707
5599
2024
4859
5182
2279
2334
4016
4340
2394
4995
1921
2315
2336
2568
5605
2359
3267
2489
2647
4750
1996
2398
4896
2124
3527
2376
2954
1859
2055
2659
2727
2950
5451
1896
3469
3479
2856
4797
2068
2367
3025
2194
5366
2812
2396
3099
1870
3942
5661
2103
4238
4700
2096
2411
2451
1907
3606
6017
1989
2551
3094
1993
2105
6369
2247
2295
2983
1892
5271
1875
2005
4846
5800
2102
2286
3075
2318
3150
5552
2133
4601
3225
5067
3737
2411
3101
2324
3683
2974
3291
1998
3373
4959
2204
3936
4214
6058
1992
2514
3273
4034
2464
2668
2833
2851
3671
5859
6032
1928
2038
3427
2096
4750
2001
2797
3507
4935
1888
3536
4998
2594
4032
4560
1883
5358
5380
2252
2859
2559
2958
3372
6148
1987
2128
3269
2148
3768
2093
2269
2268
4884
5359
2527
3123
4390
5025
5039
5142
2162
3840
5678
2626
3471
3201
2295
2625
4827
3779
4986
2043
2727
2434
5371
5877
3206
5849
5850
6161
2149
3246
5572
3969
5957
3843
4994
3085
2496
4695
2363
4591
5791
6081
2955
4412
3371
5059
5576
3254
4698
3165
2283
2491
2898
3276
6202
2286
2547
1967
2341
4872
5204
2128
5132
5149
5413
2236
2825
3052
4906
5045
2725
2804
2184
4914
2316
3041
5354
4930
3626
4558
5160
2881
3360
2875
5408
4544
5835
4254
4711
4919
3117
4570
2092
3329
3534
2748
3432
2211
3689
2555
3178
5235
6264
3050
3051
1975
1999
2706
3048
3154
1938
2186
2288
2374
3381
4847
6084
6088
2577
3912
4949
2897
6085
3377
5606
1932
2518
5003
6187
6188
2850
4886
2131
2572
3341
5538
2046
4786
3931
4762
5542
5544
2064
2467
3139
4844
2049
2496
5004
2672
2048
2209
4715
5355
2432
2813
3162
2311
4564
4868
5372
2756
2785
2287
5171
3139
4821
2199
2435
4808
2153
2318
2385
3478
4568
2084
3312
3966
2297
2508
5232
5338
2255
2067
3097
3474
4854
2015
2686
3652
5690
2012
4558
5160
6062
2108
3880
4693
3018
3502
2253
2837
4288
2580
3363
4231
2265
4624
2428
2499
4681
4682
4837
2050
2905
3129
5654
6050
2786
3576
4612
5429
2183
2251
2883
2453
4686
5136
4841
5040
2141
2741
2878
2726
4245
2498
2541
5184
2267
2850
5252
2328
3136
6331
3423
4478
2057
2984
2332
5279
2386
2652
2821
3786
4225
2072
3559
4596
2004
2458
2579
5912
6236
1982
2075
3028
3253
2995
2184
2314
4880
1988
2770
3567
2748
3672
4835
5111
2775
5149
2086
2761
3684
2277
2304
2987
2674
2917
5783
2176
2447
5983
3083
4018
5174
5219
3233
3705
2762
4977
2485
4960
2852
4348
2758
4941
5129
2373
5548
2373
3113
3210
5108
2008
2083
2059
2154
6244
3100
4446
5599
2313
2432
4887
2276
4106
4941
2452
4499
4137
5159
6063
2022
2620
3169
5944
2018
2323
2361
3060
2034
2144
5527
5571
2562
3345
3688
2333
3597
3743
5000
2852
5277
2715
3283
5323
2732
2758
4940
2317
2327
3372
6078
2680
3201
3418
5198
2854
2129
3914
2597
4585
4655
5890
2472
2602
3389
3533
4379
5014
2534
4751
2934
3283
3327
4891
2290
2925
2221
3372
3733
2540
4045
2370
2387
3031
4955
2241
2444
2918
2316
2891
3614
4666
6165
2462
2744
2928
2469
3202
3427
2470
3245
5427
2246
2502
2564
2089
4450
4619
5114
2473
4894
3003
6153
2385
3270
5370
3383
4781
4855
3673
5104
5395
2133
5313
2287
2604
2954
2291
3582
2419
2443
2679
2168
5116
5069
2265
2567
3375
2072
5372
3424
2679
2665
5817
6327
6333
4934
2740
2813
3153
2367
4877
5362
2475
2503
2714
3352
2984
2359
2590
3024
3073
3224
3782
4781
2594
3844
4966
3494
4243
4901
3100
3408
2779
3148
4723
3241
5216
2332
2401
2566
3065
3710
2101
4167
5740
2528
3537
4657
2194
5044
2326
5024
2460
3368
3910
2599
2605
2944
2415
5170
5967
6284
4008
5839
5032
2913
4265
4357
2188
2461
3645
2400
2539
5416
4001
5719
3958
4111
5590
4240
4692
2602
4631
4730
4910
2176
2348
2107
3014
5092
5522
2757
3015
2391
3127
2329
3030
4899
5429
2394
5053
2854
4031
4816
5450
5547
2794
4242
4342
6222
2522
5124
2606
3803
4005
6073
2258
3961
2173
3320
4862
2250
2255
2599
2614
4003
3406
2360
3017
3228
2361
3018
3229
2370
2456
2776
2331
2657
3256
6187
2362
3403
4536
3876
5409
5131
2248
2763
3108
2355
2774
3653
3686
2421
2659
3870
5677
2716
3001
2256
4851
2145
2298
2166
6313
6315
2160
2399
5091
2227
2451
5032
5131
2355
2193
2201
5620
2446
2290
2569
2872
2433
4565
3391
3802
4846
3562
2642
3889
4420
2223
2697
5143
5186
2803
2964
5438
4481
4847
5533
6180
4758
5584
5585
2290
3072
4308
4317
2408
3197
3331
3082
4650
5460
2445
3679
4743
5584
3924
4002
6071
3076
3316
2919
3711
6183
6216
2300
2976
2647
3252
3642
5115
2319
3004
3306
3386
4618
4621
4657
2173
3216
5945
6127
5768
6135
2751
4495
3414
2349
4195
2985
4703
2708
4484
5432
2963
3544
4358
2282
3037
5056
2191
2699
2422
3759
5859
3064
3135
4591
2705
3564
5346
2338
2459
4453
2941
4737
5123
2844
5043
5295
2738
3581
5393
3565
4507
5365
2287
3359
2204
5658
5661
3005
3171
4806
2309
3622
5690
6266
3176
5117
4508
3559
4868
5072
5281
2522
2856
4832
3963
2774
2886
2350
4980
2770
3477
3210
3444
3831
4780
2473
2988
2228
2362
3324
3247
4634
2743
3645
2538
2895
2926
2338
2358
2960
3607
2378
3053
2756
3653
2997
3010
5193
3223
5058
2327
2708
5625
3371
2273
4176
5988
6198
6364
2356
2671
3484
4788
2241
2444
2507
3269
3695
5005
3708
2670
2695
3592
6215
3281
4989
2465
2476
3086
4303
2258
3081
3172
6229
3093
4458
5194
3939
5119
4901
2778
5375
4100
5098
5492
6019
2740
3805
3123
4738
5555
3681
2837
4718
5384
3019
3266
3424
3542
3885
3159
5072
5955
2262
2637
2350
5951
4258
2911
3692
4386
2699
2987
3126
4347
5064
3539
4334
2762
4908
2651
3346
2330
3720
4015
5683
2696
3679
4758
5584
2676
3245
3496
5080
2623
2764
2902
4391
2689
2821
3837
3494
5416
5201
5441
2593
4264
4578
4810
4862
4940
6135
4292
4624
2425
3533
3993
6309
2784
4428
4662
2955
3566
4678
2937
3261
4690
4594
3959
5659
3420
4230
2525
2863
4787
2730
2916
2441
3939
2481
2580
2842
3340
4783
2465
2476
3760
5065
3170
4779
5121
2692
2881
4349
2325
5951
2951
3352
4596
3718
4991
3392
4166
4175
3286
3545
6362
6364
3333
4701
4812
4828
2600
3138
6095
2463
2739
3501
4022
4175
5532
2548
2916
4143
5093
3842
5870
6310
3447
3652
5245
3651
4847
2660
4876
3858
4881
2893
3963
3989
5003
3192
4159
6079
2502
4739
2619
3408
3974
4294
5398
4778
5332
2360
2685
3060
6084
2491
2686
3296
3401
5634
3414
4344
4744
3526
6080
5819
6328
3670
5758
2968
5311
4824
2881
2849
3151
5162
2390
3063
3857
5768
6136
3746
5013
2487
3692
2415
6281
2671
3820
4788
2505
5626
3783
5366
2523
3180
5102
5793
2408
2895
3110
2666
3728
5332
3863
4962
2371
3217
3464
4020
2349
4177
2981
3701
3302
2366
2733
3254
4997
2613
3342
4916
3809
5872
5875
4872
4746
5585
2423
2795
5327
5329
4680
4795
3343
3492
2361
4537
3013
3526
5838
2416
3128
5225
2732
3144
3964
5006
3664
4892
5016
3930
5481
3393
2663
3012
4495
3035
5211
5901
3339
4273
2785
2868
2963
3590
3485
3029
5211
2658
4523
6317
2706
2801
3054
4965
3279
3484
4903
5583
5714
6292
2722
4874
4912
2640
3741
3753
4398
4646
2776
3143
3297
3296
2687
3941
3002
3640
4873
6080
5147
3509
5051
3523
3831
3163
2973
3863
2759
2530
5034
3436
6242
3461
2509
3462
2488
2942
3333
5103
3649
4337
3038
5094
3218
4826
2556
3713
4731
2639
2748
2892
3762
5997
5998
2639
3055
3235
2811
5119
2901
3713
5391
2423
4077
2586
3668
5076
4902
5303
3387
2479
3905
4517
4151
6142
2449
2746
2526
2747
2650
2802
3053
3965
4047
2680
3149
3698
3446
3486
5236
5870
3743
3781
2864
3278
2736
2752
3033
5944
2915
2486
5074
2661
2994
4357
4547
3135
2479
2746
2471
2747
4816
5452
3460
3687
2524
6368
2583
2742
3966
2479
3723
3176
5568
3170
3444
4779
3307
3145
5510
2793
2858
2691
2830
3119
5146
2868
5118
2461
3361
3771
5382
5851
4113
2710
5234
2529
2551
3386
5113
5229
2842
2570
3791
5166
2746
3357
2639
3667
3503
5429
5430
2526
3894
2799
3394
6140
3883
3544
2972
3830
5017
2785
5627
2524
4084
5980
5453
5436
2786
2922
3284
2664
3634
3546
5060
5452
3203
4386
5173
3928
5089
3237
5132
2607
4524
5880
4043
5689
3821
5523
5788
5790
3203
3674
4973
4031
2511
2886
4006
5169
5644
2650
2546
3122
4212
5762
2988
3496
2637
5191
3145
3405
3304
5813
5814
6365
5073
4984
5020
5632
3801
4661
3718
4048
4684
5093
3523
3383
4372
5471
3178
3354
3878
5070
2893
3027
4062
6085
3388
3101
3912
4630
4895
2754
3715
3085
4394
2808
5101
4025
3820
2884
2724
4697
5477
3955
3927
5090
2906
3758
4237
2610
3330
5352
6169
3034
5430
3001
3104
5422
5686
6109
3394
6139
6142
2633
2792
3587
3682
3429
3601
4330
5035
5285
2703
2549
4882
3974
4294
5499
3536
3535
3146
4255
3357
6057
3439
3440
5092
3008
6066
3598
4840
2823
2809
3585
3628
5177
5268
2560
2832
2665
3177
5758
5495
4058
4589
6246
2869
3587
5233
4017
5692
6149
2575
6201
2772
5216
3009
4962
2636
3238
2702
3043
3238
3603
2616
5130
2754
2899
2833
3418
5113
2638
5381
4094
4226
2853
5698
6002
2645
5717
6200
3855
4288
4709
3594
2724
6068
2723
4162
5704
3005
3757
3684
2618
3069
5077
3471
3470
3621
4502
6158
6250
2734
3253
4675
3810
4555
2597
3365
5146
2949
2861
3620
3352
5650
3434
4587
2667
5072
3361
3692
2684
4152
6094
5719
6106
3101
4399
3689
4678
5339
2633
3793
5171
5050
3924
4836
3709
5477
2748
3740
4834
3353
2621
2840
3433
6218
2613
3687
4915
2953
3862
6107
2711
3006
3274
2764
3577
3090
5710
6062
2773
5405
2696
3033
3107
2874
3332
4364
3808
5676
5677
5681
3375
5649
2720
3767
5953
5979
2831
3140
3299
5337
3766
2964
5200
5440
3161
4725
3729
5085
3048
4278
5002
3028
5172
2769
2804
5196
4675
5048
5049
4504
3128
3604
4234
3575
2910
3737
4739
3634
3572
4161
5727
3881
2832
3908
3193
4680
4936
3237
2824
5356
2682
2688
5394
3161
3712
5388
3669
3670
2974
2991
3146
2678
3573
3770
3246
2859
5336
3094
5134
3331
3429
4632
4825
3313
6193
6230
3088
3109
3685
5067
3516
3175
3386
3243
5549
2943
4460
3106
3362
2968
5311
2712
3057
3956
4018
2713
5520
3801
3411
5466
3271
2747
3578
3410
5182
4963
5226
3009
3589
4962
3077
4059
3297
5798
6085
2931
2736
4807
2989
3055
2759
3193
4574
5972
5596
2908
3617
5758
3273
3409
6232
4395
4459
3224
3279
5187
5447
3116
3551
5064
3164
4804
3350
4199
5827
5191
4277
3066
5305
4590
2767
3235
3017
3603
3770
4093
4764
3977
3495
4695
5322
5851
3399
3755
5029
5370
3996
5977
6347
2844
4736
3094
3580
3093
4707
4879
5193
2941
3402
5289
3149
2906
2834
3523
2986
3951
5203
3713
5591
3080
3811
5328
2916
3081
3812
6228
3169
3519
3343
5049
3452
3483
4527
4809
3815
5307
2948
3259
3097
3637
3159
5073
3443
3518
4722
4993
3017
3018
4653
2769
3920
5197
5475
3070
3095
3242
4628
3313
5269
4075
2839
3188
4928
2855
3816
3854
4987
2956
5241
6279
3725
5126
2762
3568
3858
5000
3710
4257
5110
3463
2787
2789
5616
3285
5733
6050
2919
4316
2776
2862
4942
3327
3415
5808
6095
5805
3102
2793
3382
3046
3560
4982
3390
4003
5724
3211
6033
3353
4726
4163
4606
5403
5404
3850
3888
5902
2890
3596
6037
2850
3272
3591
3091
3195
3262
4015
5685
2818
2994
5364
2952
3309
3471
3470
2869
3492
3690
3366
4077
3672
4451
4535
4456
4792
2888
3859
6117
3101
2907
5219
5224
5760
3006
3783
4814
5104
3163
5081
3447
2876
3412
4157
6122
3401
4056
5539
3108
2993
3181
3864
5333
6050
3854
4987
4939
5573
4798
2945
3452
5694
3092
3556
6022
3955
3261
4897
3358
5616
3438
3077
3167
3846
5160
3055
2938
4030
2948
3040
3093
4878
3497
3873
3058
3731
4938
3558
5912
5913
4091
5630
2969
3555
5106
6140
3112
3676
5143
3578
6323
3379
4625
5074
3046
3002
5693
6147
6134
6138
2932
3463
3784
5746
5857
3490
3514
4330
3582
4028
3729
4845
3067
3334
5126
5200
5269
5518
2980
3252
4379
5015
3310
5027
4999
6328
3480
3835
5344
4064
5434
6367
3085
3428
3644
3935
5108
4932
3384
3821
5242
6279
3404
3823
3052
3479
3216
4790
4772
5083
5259
2893
5659
5689
3451
3621
4209
4488
2879
3034
3691
5234
3153
3474
4885
2905
2946
6305
6308
2899
3668
4852
5290
3937
5746
3650
3398
6123
3022
3039
4375
5544
3491
5205
4456
2965
4811
5210
2933
3477
3598
4817
4046
4712
3292
3559
3599
3420
3909
4343
4756
3849
3120
5902
6131
3266
3836
5896
3989
5618
2913
4545
6367
3104
3585
3197
3714
5215
3297
3296
3069
3708
3204
3231
4269
4271
3792
3299
3747
6218
2935
5049
6312
6317
4239
5217
5755
5759
3670
3669
5817
3161
4738
3480
4458
4111
5442
5464
4546
4547
2995
3413
3680
3016
3347
3219
2970
3722
5785
3200
4815
5236
5724
6203
3900
3845
6131
3057
3956
5755
3068
3845
3921
5526
3110
4825
4673
5509
3613
3252
3306
4378
5266
3604
4233
4043
5687
3800
3710
6258
3502
5048
5036
5358
5379
3001
3399
3531
4644
4645
3683
4401
5496
3400
5079
3370
3425
3311
3592
3289
3361
3969
3892
6153
3137
3387
4404
3789
3831
5075
3037
3263
3489
3356
4978
5617
3198
3793
3115
4675
3439
3763
5062
3465
3570
3648
5861
3493
3947
5694
3095
3119
4627
3370
4704
3431
4369
4867
4045
3485
3067
5633
3024
3107
3224
3135
4320
5833
5426
3335
3844
3155
3273
3738
3902
5619
3547
3548
3822
3533
3917
6309
6314
6315
3760
4586
5065
3380
3741
4118
3742
5954
5957
6175
3070
4243
3557
3615
3294
3839
2992
4813
4827
3133
3062
4544
3182
5087
3498
4009
3051
6075
3695
3098
3566
3129
5564
3130
4921
3014
3157
5560
3015
3158
4734
3966
3261
4872
3752
6150
3650
5406
3764
3054
3303
5412
5169
5967
4099
3561
5192
3997
5877
6259
6360
4020
4034
3295
3988
5791
3994
5068
3995
3025
3082
5055
3221
4165
3231
3413
3535
3536
4761
3344
3426
5907
3042
3281
3818
5752
3060
3258
5689
3492
3330
5351
4052
5757
3044
3565
5331
4760
3330
6168
3938
4549
3292
4596
4124
4724
3931
3094
3767
4405
3067
3334
3343
3690
3071
5209
6242
3513
3730
3895
5284
3731
3785
4191
5763
3971
5175
5595
4387
3124
3274
3847
4149
3103
3174
3304
3083
3632
3837
4939
4281
5046
5559
3381
3319
3476
4424
6204
5767
5771
6137
3640
3430
3437
3319
3623
3647
3540
4102
6261
5188
3699
5208
3388
3932
3081
3219
3513
3080
3514
3691
3138
3600
4101
5106
6141
3797
4004
5329
3281
5462
5760
3922
5610
4099
4302
3300
3759
3257
3524
3772
5870
6103
3167
3207
3585
4428
3625
6023
5355
3112
3940
3105
3200
4815
3268
5802
3145
4127
4733
5814
6172
3262
3369
3598
4415
3476
4746
3725
5224
5756
5818
4826
5396
3131
5188
3831
3218
4417
4985
4677
4678
3697
5063
3142
6003
3333
3928
4829
3365
3181
3888
5733
3212
4063
5763
5766
6060
3873
4628
3510
3826
5773
6154
4935
3308
3884
3150
6312
3676
3723
3702
5968
3340
5137
3400
5225
5228
5301
5669
3596
3167
3374
3403
3265
3942
3779
4986
5172
3981
3479
4954
3169
3484
4787
3406
3703
3849
4124
4889
3201
3627
4453
4570
4597
6154
3637
3567
3721
4172
5784
3181
5685
6131
3462
5092
3461
3487
3491
3658
4107
6262
3743
4798
3447
5636
3737
3781
3677
5691
6268
5141
3316
4259
5308
3279
4651
5459
3551
4146
4339
3961
5762
3421
4946
3451
3611
5790
3346
4617
5069
3658
5756
6263
3658
6042
3350
3973
5827
4153
5491
3305
4717
3366
3788
3817
3264
3818
6205
3677
3832
5797
3256
3573
4036
3662
6161
4121
4668
3491
5954
6175
3543
5513
5515
6033
3597
3858
3372
4017
3421
4945
3286
4251
3685
3380
3776
4163
5404
3601
5002
5151
3898
4152
3520
3654
3624
4796
4118
4021
5288
5848
5852
6162
3364
5709
6095
3615
3701
4004
4595
3355
3798
5814
3780
3917
4399
4157
5778
5873
4124
5096
3872
5506
3516
4594
4010
6182
6315
6156
3730
4143
3373
5594
3397
4037
6032
3278
3322
3882
5120
5145
4066
3262
3369
3685
3475
5726
5730
6144
3371
3651
3652
5756
5759
6263
3348
3351
5951
6114
3950
5132
5901
5904
6168
4021
3360
3393
4957
3355
3987
5242
6172
3625
3739
5215
3873
3905
3496
5214
4133
5244
3400
3856
5756
5818
3457
5872
5876
5930
3395
4035
4147
4087
4540
3566
5554
3555
4101
4151
4105
6190
3745
5140
3381
3677
5797
3654
3342
3376
4664
4752
3481
3686
3787
4413
3788
6195
3795
5899
3343
3816
4982
3478
3852
3624
3674
5252
3293
4005
6200
3390
6203
3529
5454
4654
5371
3812
5919
6225
3943
5864
5866
5867
3860
3466
3467
3897
4392
3657
5376
5378
4113
5050
3798
4735
6208
3633
6075
3375
3706
3770
3526
4159
3810
5052
3848
3750
6271
3306
3650
4046
4713
4968
5399
3825
6212
5581
3707
3893
3880
3356
3616
3657
5514
4110
6217
3436
4162
3628
3732
3512
5254
5840
3389
3511
3999
4910
3318
5874
5964
3796
4501
5984
3362
4091
5768
4056
3391
3979
5961
3336
4756
6221
3529
4528
4529
3846
5141
3364
3417
3541
4326
5029
4073
5848
3655
3799
3934
5667
3370
3725
3724
4064
4486
3998
5987
3874
3973
5822
6225
3521
5437
3345
4028
3911
6220
5378
5138
3379
3746
4837
3468
5963
3784
5832
6159
3785
6226
4039
5263
5350
3658
3856
3995
3902
3961
3989
5037
3456
5279
4130
3623
3893
3420
4485
3833
4626
5329
3442
3817
5328
5824
4078
4112
5985
3675
3593
5139
3489
3490
3609
4948
4083
5526
5527
5740
3444
3780
6269
3599
3696
5022
5239
5296
5524
4001
5236
5720
6103
3901
3955
3555
3993
5511
5371
3807
3527
3533
3441
3550
4076
3916
6371
5860
5898
6032
3412
3668
5527
3902
3402
3614
3620
4633
4844
3534
3830
3700
4042
4676
3707
4172
6233
4354
5020
4111
5875
4083
4014
4460
5811
6096
3839
4071
5095
3540
3980
4125
3568
3649
6343
3886
3508
3607
5104
3608
4126
3681
4140
4475
3534
3799
3567
3740
4952
3934
4011
4588
4589
3508
3607
3661
3926
6243
3976
3927
3811
3812
5922
3543
3657
5377
3763
3811
5704
5785
6334
4203
4206
3636
5871
3985
4570
5086
3887
5708
6336
3560
3992
4981
3906
3947
5458
5828
3486
4445
6202
6203
3994
5790
6212
3734
4580
4129
5872
6185
3501
3878
4085
5532
3886
4473
4577
3497
4518
4927
6315
3756
3899
6271
6041
3612
3678
3497
5091
6061
3731
4979
3790
3488
4370
3551
3797
4491
3489
3765
3633
3840
5674
3884
4526
3519
4543
4006
5361
5651
3691
5207
5692
4244
3880
3968
3728
4104
5881
4186
4012
3654
3962
4583
5888
6248
3549
4213
6206
6210
3612
4866
3720
5310
3773
4113
4995
3892
4636
3724
5320
3729
3828
3825
4769
6365
3715
5844
3977
3623
3681
4542
3644
3813
5108
4154
5893
4625
4071
5140
3868
4147
5515
6311
4590
3586
5815
6206
6208
5273
3782
4433
5023
3675
4689
3665
3920
4449
5476
4637
3672
4450
5478
3687
4130
3998
3755
5896
6032
4035
5514
3599
5893
4098
5144
6047
5458
5563
6318
5377
5854
5906
3602
3628
5782
3633
3859
5737
3759
3896
5841
6271
3724
3872
6020
4178
5222
4119
5914
5372
5150
3571
5482
4081
4359
4134
5524
5525
3647
4567
5621
4023
5525
6158
3756
3925
5167
5192
5155
6113
4823
3899
3952
4824
5019
3680
3689
3661
3829
4077
3744
4030
3684
4285
4261
3900
3753
4922
3752
5565
3851
4291
3875
3728
4778
4139
4006
4557
3674
3805
3711
6216
4920
5592
3777
4229
3766
5443
5744
6123
5896
3627
4161
5105
3717
3799
3971
5177
5783
4090
5190
3815
4171
6164
4570
5222
6118
4088
6238
5385
5607
5084
6270
3821
4603
6172
4030
5233
3683
6045
6118
3767
4405
3967
3980
4069
4721
4996
6211
3946
4141
5225
3906
6151
3954
6265
3743
5161
3846
3645
4192
5247
5938
3790
5674
5737
3744
4490
5059
4080
3807
3927
3891
5457
6332
4543
6305
3805
3641
6151
6157
6158
3641
4204
5435
6081
4201
3663
3666
5107
4094
3730
3791
3806
5164
3990
4123
6084
3696
3664
4120
5956
3660
3816
4033
5378
5324
4502
5670
5721
3697
3974
5411
4193
5666
4087
5112
6327
3925
4082
5861
3773
5397
3867
4098
5801
3704
6112
6114
4066
4014
4678
3690
3779
3883
4090
4682
3834
3911
5781
6239
4196
5261
5960
5424
5016
4044
5213
3887
5707
3749
3929
4138
5969
3981
6006
6111
6113
3950
3992
4027
4158
4016
4434
4397
4149
3833
3776
5402
3843
5001
5121
4078
5878
6326
4934
3722
5787
6339
5783
6338
3940
4182
5083
5244
5864
6299
5035
3978
3947
4527
4554
5054
4008
5840
6287
4027
5784
5785
3833
3930
3776
5956
5959
6093
5576
5039
3787
4144
6209
3860
5325
5851
5985
4012
3945
4686
4772
5877
6260
6270
4122
5047
3824
3764
4008
3951
3900
3769
5533
6241
6270
3970
4546
4776
3869
6275
4058
6288
3855
3914
4579
4040
6018
4130
4452
3983
3931
3925
5365
4227
5392
3827
3867
5250
3935
5470
5553
4918
4122
5748
5766
3837
6207
6194
3881
4616
3895
3800
3875
3866
5249
5829
6371
3886
5897
3813
5776
5816
5181
4164
6265
6267
4836
5249
3824
4824
4048
5163
3889
3866
4836
3841
3958
4129
5057
5437
3874
5824
6275
4029
5825
5754
3935
4094
5469
3893
5296
4521
4139
6214
6150
6152
6153
4018
4384
4764
4115
6287
3838
3938
4848
5799
5809
6238
3932
4743
5899
5900
6039
5130
5201
4808
5675
3921
4167
3983
4705
3984
6133
4027
4965
4144
4768
4070
5723
5828
6208
4380
6202
3874
4134
5919
6277
3939
5651
5821
4038
5770
6353
5738
5915
3904
4108
5769
5683
6108
4139
5418
6051
4031
5997
6077
4007
4973
3993
3999
5240
6276
5681
4365
5243
5752
5170
4645
3901
5229
4765
4849
5533
6018
5986
3944
4103
4216
5606
5262
5138
3941
3922
5589
5530
5734
3987
4604
6172
6173
4769
6325
6305
4158
5600
5842
6274
3964
5005
3933
5811
3990
6273
3953
4096
5098
4121
5770
6136
3940
5789
6252
5680
6075
6200
6332
4088
4050
4078
5910
3915
3982
5747
6159
5110
3991
5764
5830
5831
5856
3929
4195
5980
5656
4024
4276
4271
4009
6072
3996
6245
5582
3986
5485
4066
4116
6294
4140
5763
6059
4032
4364
5665
3975
3982
3949
4041
5019
6189
6273
4170
6035
3979
5960
5965
3980
4089
5150
4700
4160
4770
4771
4138
5297
6281
5687
6267
5251
4029
4120
6302
5875
5879
5660
5668
5761
4049
5886
5657
5362
4116
6293
5757
6262
4056
5637
5207
4169
5996
6056
6338
3982
4503
6159
6227
3991
4504
5866
4045
5323
5785
5212
6193
4103
4067
4820
5105
5156
4208
6003
4004
4084
4109
5246
4055
5837
4160
6274
5749
4969
4151
5523
5241
4114
6349
4765
6013
6198
6363
5515
5662
5682
6178
6104
5676
5678
5725
6045
5718
5677
6371
5500
4013
6179
6314
4080
6209
4249
4026
6233
4042
5686
4856
5696
5220
4026
5786
6230
6233
6232
4149
4155
4166
6157
6253
5199
5230
4520
6186
4099
6301
6156
4076
5908
6230
6232
5515
5018
5804
4082
5862
5769
5771
6352
4344
5951
4168
6270
4200
5987
4677
5691
5185
5643
4158
5891
6293
4143
4072
6319
5380
4053
4054
4086
5931
5217
5759
5928
6204
4057
6199
6289
5929
6217
4146
5159
5712
4721
6008
6361
5789
6157
6254
5797
6087
4266
5779
5700
4110
5826
5949
6003
6005
4075
6119
6306
4070
5723
4721
6007
5028
5100
6320
4112
5852
5221
5818
6330
5947
5909
6324
4086
5931
6185
4093
5348
5863
5742
4520
5986
5929
5932
4468
5936
4127
5152
5234
6353
5704
5784
6335
4144
4117
6314
6316
4100
6282
5991
6030
6341
4156
6283
6143
4107
4125
4142
5883
4431
4770
4121
4928
4180
5771
6137
4132
5247
5952
4136
5981
5975
5978
5888
6272
6296
5904
5470
5917
6326
5959
4964
5842
5863
4180
6366
5809
5908
5692
5956
6090
5879
4173
4522
5774
5975
5246
5939
5864
5867
5920
5158
5914
6256
5903
6324
5969
6065
5971
4163
5897
6040
6046
6285
6289
4670
5178
6027
4588
5858
5947
5948
6138
5769
6028
6350
6096
5795
6320
5895
6293
4180
5662
6366
5493
6021
6125
6083
5995
5729
5708
4846
5801
5899
5900
4184
5526
4202
6014
4775
6000
5847
5874
5923
5927
5787
5420
5772
5679
6371
4205
4184
4216
6366
4178
6369
4187
4210
6009
6213
6042
4210
6010
4188
5259
4198
5259
6357
6364
4193
5663
5941
4205
5008
5258
4202
6015
6260
4208
5206
6004
4199
4207
5664
4215
5940
5107
4200
4216
5988
5983
5962
4215
5941
6173
6257
6358
6192
6195
5989
4204
6151
6016
4291
5830
5831
4211
5457
5563
6332
4212
4214
5763
6005
4211
5107
6012
4217
6192
4767
5042
5813
4217
5661
5942
4219
5386
4220
4497
5386
4222
4557
5281
4556
4224
4638
5387
5388
4225
5390
5388
4227
5467
4229
4230
4231
5392
4231
5041
4233
5030
5237
4236
4250
4238
4239
4240
4240
4350
4242
5488
6220
4343
6235
4244
4519
5015
4553
4247
4248
4249
4249
4251
4252
4253
4253
5352
4960
4256
6120
4258
4810
4260
4262
4261
4403
4262
4500
4264
4266
5256
5257
4356
4268
4662
4270
5392
5588
4273
4274
5546
5535
5545
4276
4647
4278
4280
4281
5557
4282
5401
4282
4576
4284
4285
4286
4286
4288
4367
6017
6116
6120
5457
4293
4532
4295
5498
4297
5176
5517
4299
4531
4418
4301
4309
4393
4303
4893
4305
5395
4306
5394
4308
4310
4964
4312
4314
4316
4315
4316
4318
4363
5245
5531
6240
6286
4322
4478
4324
4506
4326
4328
4329
5597
4330
4447
4330
4332
4419
4334
4364
4335
4385
4364
6053
4337
5629
4663
4339
4346
5064
4806
5066
4341
4857
4444
4932
5937
6223
5949
5963
5979
5982
4347
4805
4349
4350
4351
4351
5521
4353
4354
4355
4355
5038
4357
4990
4359
4567
4569
4365
5244
4362
4559
6167
4558
4870
6067
6303
5174
5299
5301
6053
4368
4369
4370
4370
4864
4372
4424
5302
4374
4689
5623
4376
5562
4377
5560
5562
4379
4713
5189
4445
4491
4382
5117
5433
4384
4386
4973
5275
4385
4766
4386
5174
4388
4389
4440
4436
4439
4392
5360
4394
4396
4397
4398
4398
4630
4631
4401
4402
4403
4403
4405
4406
4407
4407
4409
4410
4411
4411
4413
4415
4840
4417
4560
4562
4419
5602
4421
5541
4422
5542
4673
5194
5304
4426
4520
6045
6120
4428
4430
5913
4635
5158
4771
6191
4433
4742
4835
5483
4438
5289
4438
4541
4440
4441
4618
4617
4443
4665
5034
4543
4447
4448
5414
5598
5151
5413
4450
5230
5409
4451
5410
4453
5300
4454
5162
5173
5301
4456
4515
5168
5167
4460
4462
4708
4522
5705
5706
5774
4571
4573
5419
4466
4472
5295
4566
5635
4468
4470
4683
5165
4472
5294
4565
5489
4475
4606
4475
4476
5108
5102
5796
6023
4479
4481
4892
4484
5116
5834
4486
4756
5434
5243
5245
4502
4603
5107
4490
4523
5775
4493
4679
4795
4495
4552
4497
4498
5277
5608
5608
4500
5437
5697
4602
5864
6299
4859
4883
4860
5039
4508
4509
4510
4510
4512
4803
4805
5292
5484
4517
4518
5282
4519
4519
4521
4573
5420
4568
4636
4571
4527
5431
5624
4696
4531
4533
4535
4924
5567
5400
5480
4537
4821
4539
5542
5647
5614
6197
6215
4548
4757
5996
4548
4550
4551
5439
5438
4553
5520
4555
5280
5054
4557
4580
4559
5968
4561
4562
5013
5012
6156
4564
4694
4566
4925
4729
4729
5348
4572
5417
5417
5977
5974
6346
6348
4576
4577
4607
4607
4579
5280
5885
5888
4585
5885
6249
4585
5100
4587
4588
5066
5890
5834
5833
5838
4870
5148
4871
5148
4596
4597
5776
5773
6118
4599
4600
4601
4601
4603
4605
5296
4604
4605
5941
5444
6174
4607
5403
4609
5085
4635
5157
4611
4898
4648
4899
4898
4614
4615
4616
5672
4616
4618
5190
4620
5238
4621
5113
5238
4623
4624
4625
4651
4625
4627
4944
4628
4943
4630
4666
4667
4633
4892
4634
4825
4893
5085
5254
5773
5775
4638
4639
5387
4640
4640
5287
4642
4643
5264
5265
5577
4647
4649
5928
4651
4653
5258
5259
6356
5889
5990
6044
4657
4659
4661
4694
4660
4661
4663
4665
4916
4667
4670
4671
4671
6025
6029
6354
6028
5770
6028
4868
5073
4674
4706
5193
4676
4677
4680
4681
4937
4839
4684
5163
4686
4687
4688
4688
4690
4692
4694
5382
5322
5323
4698
4700
4716
4702
4704
4703
6215
4704
4706
4714
4820
4707
4715
4709
4711
4713
5611
4712
4713
4715
4717
4718
4719
4719
5383
4722
5732
4995
4724
4726
4725
4726
4728
4975
5345
5346
5345
5346
4731
4733
4733
5318
5405
4735
6210
4737
4739
5553
4741
4747
4743
4744
5344
5343
4746
4748
4749
4750
4750
5032
5131
4752
4753
4850
4754
4754
5434
5436
6222
4758
4759
4760
4760
5998
4763
4998
5544
4763
5543
4997
4768
4848
5800
4768
4869
5068
6321
4869
5042
4824
5992
5995
5084
6257
4774
5999
6306
6055
6119
4776
6306
5998
4778
4780
5075
4782
5023
4855
4784
4785
4786
4786
4788
4790
4789
4790
6129
4792
4793
4794
4794
4796
4797
4798
4798
4800
4801
4802
4802
4804
5604
4806
4809
5569
4809
5568
4811
4813
4814
5424
5103
5423
4816
4817
4818
4818
4820
4822
5441
5018
4826
4828
4830
4829
4830
4832
4936
4833
4937
4835
5483
5676
4838
4839
4907
5455
4841
4842
4843
5701
5701
4845
4848
4849
5799
4851
5069
5295
4854
4856
4858
4857
4858
4931
4860
4862
4863
5628
5641
4867
6115
6111
6112
4867
6112
5232
6214
6337
4871
4883
4873
5627
4875
4876
4877
5079
4877
5360
4879
5498
4881
4883
6067
5183
4885
4886
4887
5359
4887
4889
4891
4890
4891
5808
4893
5017
4895
4896
5617
4897
4897
4977
4899
5127
4901
4903
4904
5583
4905
4905
5342
4907
4908
4909
4909
4937
5321
5513
4912
4913
4914
4914
4916
4918
4920
5609
4959
4970
4922
4923
4924
4924
5479
4926
4928
4930
5470
5467
4932
4934
5472
4935
5471
4937
4939
4941
6134
5475
5501
4944
4946
4948
4949
4950
5384
4950
4952
5479
4953
5480
4955
4956
4957
5209
4957
4959
4961
5447
4960
4963
4965
4967
4968
4969
4969
4981
4971
5609
5448
4973
5274
4975
5314
4976
5367
5315
4978
5135
4980
4982
4981
4982
4984
5550
4986
4988
4991
5121
5461
5031
5777
5031
5256
5779
4994
5001
5235
4998
5389
5000
5002
5004
5354
5037
5358
5006
5078
5079
5892
5893
6169
5086
5195
5010
5097
5492
5109
5492
5793
6022
5013
5340
5015
5463
5017
5063
5991
5992
5021
5023
5024
5025
5025
5027
5133
5407
5512
5029
5033
5035
5164
5037
5039
5041
5043
5536
6206
6365
5536
5545
5045
5046
5047
5366
5047
5051
5052
5053
5053
5055
5057
5056
5057
5059
5060
5061
5061
5144
5446
5240
5241
5064
5065
5332
5813
6212
5071
5235
5820
6211
5073
5451
5449
5451
5077
5777
5081
5214
5082
5213
5084
5206
5222
5088
5202
5203
5089
5103
5202
5091
5093
5095
5096
5503
5502
5098
6281
5100
5101
6322
5102
6322
5104
5106
5730
5110
5112
5114
5199
5230
5116
5117
5118
5118
5120
5122
5124
5126
5130
5201
5128
5130
5132
5321
5512
5135
5363
5138
5140
5141
5142
5142
5144
5146
5145
5146
5148
5150
5151
5152
5152
5154
5156
6115
5155
6114
5156
5255
6258
5254
5160
5162
5173
5164
5165
5166
5166
5168
5484
5170
5631
5172
5174
5176
5177
5517
5596
5516
5179
5180
6030
6027
6031
6344
5181
6344
5933
6030
5183
5185
5184
5185
5645
5187
5188
5189
5189
5191
5194
5194
5206
5223
5197
5198
5199
5199
5201
5421
5582
5205
5694
6147
6146
6175
5319
5694
5957
5209
5529
5210
5528
5212
6313
5214
5550
5216
5218
5251
5219
5220
5253
5250
5251
5224
5761
6331
5319
5226
5227
5228
5230
5232
5234
5817
5238
5248
6174
6278
5248
5242
5248
6177
5248
6174
6173
5252
5253
5255
5839
6256
6292
5996
6171
5261
5965
5534
5961
5943
5949
5265
5267
5267
5269
5270
5516
5271
5271
5273
5275
5274
5275
5277
5278
5279
5279
5283
5285
5284
5285
5287
5288
5289
5289
5291
5292
5293
5293
5295
5536
6250
5970
6282
6284
5300
6053
5667
5668
5301
5303
5304
5305
5305
5307
5308
5497
5309
5309
5445
5311
5312
5313
5313
5315
5316
5317
5317
5320
6006
5321
5324
5849
5849
5853
5327
5328
5822
6228
6229
5329
5331
5332
5623
5373
5422
5685
5335
5356
5336
5355
5338
5340
5339
5340
5342
5343
5344
5344
5347
5348
5368
5350
5351
5352
5352
5354
5357
5356
5358
5360
5361
5362
5362
5364
5366
5368
5370
5369
5370
6355
5374
5376
5377
5911
5538
5910
6033
5907
5380
5381
5382
5382
5384
5386
5385
5386
5389
5390
5572
5393
5535
5395
5396
5397
5397
5399
5566
5400
5412
5567
5402
5403
5404
5408
5408
5410
5411
5412
5412
5414
5415
5416
5416
6347
6348
5422
5420
5881
5705
5423
5424
5426
5427
5428
5428
5430
5433
5624
5433
5625
5721
5437
5439
5440
5441
5441
5443
5740
6128
5527
5570
5456
5670
6176
5446
5448
5447
5448
5450
5547
5452
5452
5454
5455
5558
5559
5663
5941
5942
6206
6210
5460
5461
5462
5462
5598
5466
5570
5466
5571
5469
5652
5470
5472
5473
5474
5474
5476
5477
5478
5499
5478
5480
5482
5485
5486
5484
5485
5486
5486
5488
5489
5490
5490
5493
5494
5793
5493
5792
6021
6024
5496
5593
5497
5594
5499
5500
5501
5503
5504
5505
5505
5507
5631
5551
5511
5511
5513
5514
5517
5518
5519
5519
5520
5521
5521
5523
5922
6279
5921
6277
6278
6250
6251
5529
5596
5530
5595
6177
6181
5561
5662
5800
6181
6244
5536
5538
5539
5540
5540
5542
5543
5546
5547
5548
5548
5550
5551
5643
5642
5553
5554
5555
5555
5557
5558
5559
5559
6321
5682
6318
5565
5566
5567
5567
5569
5571
5573
5647
5574
5646
5576
5577
5578
5578
5580
5581
5582
5582
5584
5585
5586
5588
5590
5589
5590
5592
5593
5594
5594
5596
6334
5598
5600
5599
5600
5602
5603
5604
5604
5606
5608
5607
5608
5610
5611
5612
5612
5614
5649
5615
5648
5617
5618
5619
5619
5621
5622
5623
5623
5625
5626
5627
5627
5630
5641
5630
5640
5633
5644
5633
5645
5635
5637
5636
5637
5639
5640
5641
5641
5643
5644
5645
5645
5647
5649
5650
5651
5651
5653
6047
6049
5655
6100
6047
6048
5656
6102
6049
5658
5659
5660
5660
5665
6042
5666
5665
6195
5670
6053
5669
6331
5672
5673
6069
5674
5675
6071
5675
5688
5679
5680
5688
5681
5723
6362
5684
6109
6110
5686
5690
6268
5743
5691
6269
5695
6078
6148
5696
6079
6149
5702
6089
5700
5702
6092
5700
5703
6221
5702
5703
6336
5772
6105
5745
6346
6348
5708
6243
5710
5711
5713
5712
6094
5713
6063
5997
6056
6077
5717
6201
6068
6070
5718
6073
5720
5722
5724
6158
5725
6107
5725
5727
5729
6111
5729
6141
6144
6139
6140
5732
6041
5734
5734
6041
5736
5737
6116
5738
6117
5738
5742
5744
6122
6126
5749
5751
6304
6126
6128
5805
6105
5748
5748
5764
5764
5832
6159
6304
5752
6297
5754
5832
6205
6297
5760
5758
6263
5761
5765
6224
6219
5766
6226
5768
5946
5770
5774
6345
5776
5778
5873
5873
5781
5809
5908
5909
5907
5910
5783
5786
6230
5787
6250
6251
6252
6151
6252
5837
6082
5793
6022
6023
5795
5796
6043
6024
5990
6044
6088
6084
6086
6088
5877
6268
6269
5803
5993
6187
5804
6190
6340
5884
5993
6340
5808
5812
6294
5841
5842
5862
5863
6294
6290
5816
5816
6365
5820
6333
6327
6329
5821
6333
5824
5827
5825
5827
6194
5825
5943
5952
5982
5830
5831
6231
5836
6286
5838
5950
5982
5837
6054
5840
5859
5861
5844
5846
6034
5845
5964
5847
6001
5847
6035
5850
5923
5851
5853
5981
5856
5858
5878
5916
5917
6326
6033
6311
6218
6231
6311
5860
5862
5863
5867
5868
6241
5869
5869
5871
6308
6124
5984
6001
5876
5879
5915
6052
6076
5883
6046
6076
6076
5887
6248
5889
6319
5890
6249
5892
6291
6165
6170
5895
6295
6170
5898
5899
5900
5905
6313
6130
6132
5916
5981
5905
6316
5909
5911
5908
5911
5914
6236
6234
5916
5985
6234
5920
5921
6251
5920
5922
5922
5925
6298
6302
6164
6301
6162
6164
5930
6183
5931
6183
6184
5935
5991
5936
5937
6238
6342
6343
6235
5939
5940
6176
5942
5963
6129
6098
6129
5948
6127
6097
6097
5952
6196
5982
5955
5957
5959
6302
5962
5965
6265
6001
6089
5967
6066
6166
6167
5970
5969
6167
6166
5971
6166
5973
5974
5976
6347
6349
5977
6245
6349
6345
6349
5983
5985
6002
6211
6213
5989
5989
6043
6322
6342
6188
6189
5995
6189
6274
6367
6307
6000
6077
6056
6074
6074
6005
6006
6008
6011
6009
6012
6011
6012
6014
6018
6016
6016
6259
6155
6020
6022
6283
6280
6284
6283
6024
6026
6344
6354
6354
6351
6353
6341
6343
6035
6036
6040
6038
6038
6039
6040
6264
6319
6320
6054
6286
6049
6051
6051
6091
6289
6098
6171
6060
6061
6059
6061
6060
6063
6067
6065
6065
6066
6166
6067
6071
6072
6073
6072
6092
6105
6079
6080
6083
6081
6082
6083
6087
6087
6088
6092
6093
6145
6285
6286
6175
6095
6096
6098
6119
6127
6100
6101
6102
6103
6104
6104
6107
6110
6108
6109
6110
6115
6114
6117
6123
6124
6123
6125
6125
6128
6261
6133
6133
6261
6135
6136
6137
6138
6141
6144
6143
6143
6146
6149
6147
6148
6149
6155
6154
6163
6300
6162
6163
6164
6170
6170
6292
6176
6198
6362
6363
6182
6186
6316
6240
6241
6240
6193
6313
6185
6193
6190
6191
6191
6195
6197
6199
6217
6204
6216
6366
6204
6207
6231
6209
6210
6218
6361
6214
6361
6217
6231
6235
6222
6223
6226
6229
6227
6228
6227
6229
6233
6237
6255
6239
6237
6258
6239
6244
6243
6245
6266
6247
6249
6288
6248
6272
6249
6253
6254
6254
6256
6258
6260
6260
6359
6363
6263
6266
6268
6273
6287
6274
6276
6277
6278
6279
6282
6283
6284
6288
6294
6296
6295
6296
6303
6304
6300
6303
6304
6302
6317
6307
6310
6311
6312
6321
6322
6337
6325
6332
6326
6337
6330
6333
6331
6336
6338
6336
6339
6339
6342
6342
6344
6346
6351
6352
6354
6353
6356
6360
6357
6358
6359
6360
6370
6370
)


// ************************************************************************* //
