/*--------------------------------*- C++ -*----------------------------------*\
| =========                 |                                                 |
| \\      /  F ield         | OpenFOAM: The Open Source CFD Toolbox           |
|  \\    /   O peration     | Version:  4.1                                   |
|   \\  /    A nd           | Web:      www.OpenFOAM.org                      |
|    \\/     M anipulation  |                                                 |
\*---------------------------------------------------------------------------*/
FoamFile
{
    version     2.0;
    format      ascii;
    class       vectorField;
    location    "constant/polyMesh";
    object      points;
}
// * * * * * * * * * * * * * * * * * * * * * * * * * * * * * * * * * * * * * //


1717
(
(0 0 0)
(5 0 0)
(5 5 0)
(0 5 0)
(2.5 2 0)
(2.5 3 0)
(3 2.5 0)
(2 2.5 0)
(2 2.5 1)
(2.5 3 1)
(3 2.5 1)
(2.5 2 1)
(0 5 1)
(0 0 1)
(5 0 1)
(5 5 1)
(2.58682 2.9924 0)
(2.67101 2.96985 0)
(2.75 2.93301 0)
(2.82139 2.88302 0)
(2.88302 2.82139 0)
(2.93301 2.75 0)
(2.96985 2.67101 0)
(2.9924 2.58682 0)
(2.9924 2.41318 0)
(2.96985 2.32899 0)
(2.93301 2.25 0)
(2.88302 2.17861 0)
(2.82139 2.11698 0)
(2.75 2.06699 0)
(2.67101 2.03015 0)
(2.58682 2.0076 0)
(2.41318 2.0076 0)
(2.32899 2.03015 0)
(2.25 2.06699 0)
(2.17861 2.11698 0)
(2.11698 2.17861 0)
(2.06699 2.25 0)
(2.03015 2.32899 0)
(2.0076 2.41318 0)
(2.0076 2.58682 0)
(2.03015 2.67101 0)
(2.06699 2.75 0)
(2.11698 2.82139 0)
(2.17861 2.88302 0)
(2.25 2.93301 0)
(2.32899 2.96985 0)
(2.41318 2.9924 0)
(0.555556 5 0)
(1.11111 5 0)
(1.66667 5 0)
(2.22222 5 0)
(2.77778 5 0)
(3.33333 5 0)
(3.88889 5 0)
(4.44444 5 0)
(5 4.44444 0)
(5 3.88889 0)
(5 3.33333 0)
(5 2.77778 0)
(5 2.22222 0)
(5 1.66667 0)
(5 1.11111 0)
(5 0.555556 0)
(4.44444 0 0)
(3.88889 0 0)
(3.33333 0 0)
(2.77778 0 0)
(2.22222 0 0)
(1.66667 0 0)
(1.11111 0 0)
(0.555556 0 0)
(0 0.555556 0)
(0 1.11111 0)
(0 1.66667 0)
(0 2.22222 0)
(0 2.77778 0)
(0 3.33333 0)
(0 3.88889 0)
(0 4.44444 0)
(2.0076 2.58682 1)
(2.03015 2.67101 1)
(2.06699 2.75 1)
(2.11698 2.82139 1)
(2.17861 2.88302 1)
(2.25 2.93301 1)
(2.32899 2.96985 1)
(2.41318 2.9924 1)
(2.58682 2.9924 1)
(2.67101 2.96985 1)
(2.75 2.93301 1)
(2.82139 2.88302 1)
(2.88302 2.82139 1)
(2.93301 2.75 1)
(2.96985 2.67101 1)
(2.9924 2.58682 1)
(2.9924 2.41318 1)
(2.96985 2.32899 1)
(2.93301 2.25 1)
(2.88302 2.17861 1)
(2.82139 2.11698 1)
(2.75 2.06699 1)
(2.67101 2.03015 1)
(2.58682 2.0076 1)
(2.41318 2.0076 1)
(2.32899 2.03015 1)
(2.25 2.06699 1)
(2.17861 2.11698 1)
(2.11698 2.17861 1)
(2.06699 2.25 1)
(2.03015 2.32899 1)
(2.0076 2.41318 1)
(0 4.44444 1)
(0 3.88889 1)
(0 3.33333 1)
(0 2.77778 1)
(0 2.22222 1)
(0 1.66667 1)
(0 1.11111 1)
(0 0.555556 1)
(0.555556 0 1)
(1.11111 0 1)
(1.66667 0 1)
(2.22222 0 1)
(2.77778 0 1)
(3.33333 0 1)
(3.88889 0 1)
(4.44444 0 1)
(5 0.555556 1)
(5 1.11111 1)
(5 1.66667 1)
(5 2.22222 1)
(5 2.77778 1)
(5 3.33333 1)
(5 3.88889 1)
(5 4.44444 1)
(4.44444 5 1)
(3.88889 5 1)
(3.33333 5 1)
(2.77778 5 1)
(2.22222 5 1)
(1.66667 5 1)
(1.11111 5 1)
(0.555556 5 1)
(2 2.5 0.111111)
(2 2.5 0.222222)
(2 2.5 0.333333)
(2 2.5 0.444444)
(2 2.5 0.555556)
(2 2.5 0.666667)
(2 2.5 0.777778)
(2 2.5 0.888889)
(2.5 3 0.111111)
(2.5 3 0.222222)
(2.5 3 0.333333)
(2.5 3 0.444444)
(2.5 3 0.555556)
(2.5 3 0.666667)
(2.5 3 0.777778)
(2.5 3 0.888889)
(3 2.5 0.111111)
(3 2.5 0.222222)
(3 2.5 0.333333)
(3 2.5 0.444444)
(3 2.5 0.555556)
(3 2.5 0.666667)
(3 2.5 0.777778)
(3 2.5 0.888889)
(2.5 2 0.111111)
(2.5 2 0.222222)
(2.5 2 0.333333)
(2.5 2 0.444444)
(2.5 2 0.555556)
(2.5 2 0.666667)
(2.5 2 0.777778)
(2.5 2 0.888889)
(0 5 0.111111)
(0 5 0.222222)
(0 5 0.333333)
(0 5 0.444444)
(0 5 0.555556)
(0 5 0.666667)
(0 5 0.777778)
(0 5 0.888889)
(0 0 0.111111)
(0 0 0.222222)
(0 0 0.333333)
(0 0 0.444444)
(0 0 0.555556)
(0 0 0.666667)
(0 0 0.777778)
(0 0 0.888889)
(5 0 0.111111)
(5 0 0.222222)
(5 0 0.333333)
(5 0 0.444444)
(5 0 0.555556)
(5 0 0.666667)
(5 0 0.777778)
(5 0 0.888889)
(5 5 0.111111)
(5 5 0.222222)
(5 5 0.333333)
(5 5 0.444444)
(5 5 0.555556)
(5 5 0.666667)
(5 5 0.777778)
(5 5 0.888889)
(3.74495 1.25505 0)
(1.25505 1.25505 0)
(3.74495 3.74495 0)
(1.25505 3.74495 0)
(2.1535 1.10449 0)
(1.10449 2.1535 0)
(3.87692 2.12412 0)
(2.12412 3.87692 0)
(1.38384 2.79568 0)
(2.82272 3.66439 0)
(2.79568 1.38384 0)
(3.66439 2.82272 0)
(3.29977 1.76472 0)
(1.76472 3.29977 0)
(3.28072 3.28077 0)
(1.70925 1.70924 0)
(2.11495 1.65047 0)
(1.65047 2.11495 0)
(3.31025 2.12218 0)
(2.12218 3.31025 0)
(1.69343 2.42943 0)
(1.92078 1.92078 0)
(2.42943 1.69343 0)
(2.42236 3.3046 0)
(3.3046 2.42236 0)
(2.97592 1.82972 0)
(1.82972 2.97592 0)
(2.90218 3.30435 0)
(3.30435 2.90218 0)
(3.05986 3.05986 0)
(1.76341 2.70802 0)
(2.70802 1.76341 0)
(3.0783 2.09988 0)
(2.09988 3.0783 0)
(3.21893 0.732544 0)
(4.26746 3.21893 0)
(0.732544 3.21893 0)
(3.21893 4.26746 0)
(2.56432 0.706035 0)
(4.29422 2.56317 0)
(0.706035 2.56432 0)
(2.56317 4.29422 0)
(2.20278 1.8818 0)
(1.8818 2.20278 0)
(0.686838 1.64171 0)
(1.64171 4.31316 0)
(1.64171 0.686838 0)
(4.31316 1.64171 0)
(2.68235 3.17732 0)
(3.17732 2.68235 0)
(3.28102 1.23591 0)
(1.23591 3.28102 0)
(1.68202 3.72144 0)
(3.72144 1.68202 0)
(3.73942 3.28157 0)
(3.27147 3.748 0)
(3.16912 2.33831 0)
(2.33831 3.16912 0)
(1.25403 1.70297 0)
(1.70297 1.25403 0)
(0.788384 0.788384 0)
(0.760675 4.21175 0)
(4.21175 0.760675 0)
(4.27306 4.27306 0)
(2.89673 3.05739 0)
(3.05739 2.89673 0)
(1.89953 2.78385 0)
(2.78385 1.89953 0)
(2.5376 1.81466 0)
(1.81466 2.5376 0)
(3.70242 2.44193 0)
(2.44193 3.70242 0)
(2.44593 1.32437 0)
(1.32437 2.44593 0)
(2.02129 2.02129 0)
(3.01628 1.51555 0)
(1.51555 3.01628 0)
(2.96523 2.04484 0)
(2.04484 2.96523 0)
(2.32563 1.87731 0)
(1.87731 2.32563 0)
(0.731691 2.13061 0)
(2.12655 4.28355 0)
(2.13061 0.731691 0)
(4.28355 2.12655 0)
(0.71263 3.72854 0)
(3.74972 4.29297 0)
(3.72854 0.71263 0)
(4.29297 3.74972 0)
(3.43799 2.64976 0)
(2.64976 3.43799 0)
(2.56329 3.14616 0)
(3.14616 2.56329 0)
(1.9044 3.50811 0)
(3.50811 1.9044 0)
(1.87735 1.48978 0)
(1.48972 1.87728 0)
(2.24519 3.05566 0)
(3.05566 2.24519 0)
(3.4943 3.06456 0)
(3.06295 3.49509 0)
(1.51016 2.59755 0)
(2.59755 1.51016 0)
(3.163 1.87797 0)
(1.87797 3.163 0)
(2.152 2.00533 0)
(2.00533 2.152 0)
(2.75937 3.04995 0)
(3.04995 2.75937 0)
(2.93192 2.93192 0)
(1.91397 2.65612 0)
(2.65612 1.91397 0)
(2.27898 3.48596 0)
(3.48596 2.27898 0)
(2.01737 2.84298 0)
(2.84298 2.01737 0)
(3.48939 1.48735 0)
(1.48735 3.48939 0)
(1.19741 0.733831 0)
(4.20615 1.18813 0)
(0.733831 1.19741 0)
(1.18813 4.20615 0)
(1.52907 2.28775 0)
(2.28775 1.52907 0)
(1.9133 2.44045 0)
(2.44045 1.9133 0)
(2.99931 1.04301 0)
(3.97741 2.97582 0)
(1.04301 2.99931 0)
(2.97582 3.97741 0)
(3.08934 2.4557 0)
(2.4557 3.08934 0)
(2.26926 1.97078 0)
(1.97078 2.26926 0)
(1.72986 1.94096 0)
(1.94097 1.72987 0)
(2.15378 2.96851 0)
(2.96851 2.15378 0)
(1.47099 1.4694 0)
(2.63522 3.06501 0)
(3.06501 2.63522 0)
(3.5158 3.52122 0)
(2.88272 1.66078 0)
(1.66078 2.88272 0)
(3.91252 2.63459 0)
(2.63459 3.91252 0)
(1.83879 4.00626 0)
(4.00626 1.83879 0)
(2.65976 1.05388 0)
(1.05388 2.65976 0)
(1.0035 1.83983 0)
(1.83983 1.0035 0)
(2.05913 1.89141 0)
(1.8914 2.05913 0)
(1.74831 2.2767 0)
(2.2767 1.74831 0)
(2.91108 0.426889 0)
(4.57312 2.91104 0)
(0.426889 2.91108 0)
(2.91104 4.57312 0)
(1.49203 3.99935 0)
(3.99935 1.49203 0)
(0.991049 3.5099 0)
(3.5099 4.00895 0)
(3.99931 3.51667 0)
(3.5099 0.991049 0)
(0.370461 2.43959 0)
(2.43936 4.63021 0)
(2.43959 0.370461 0)
(4.63021 2.43936 0)
(1.03403 1.4522 0)
(1.45969 1.02164 0)
(0.355925 1.40178 0)
(1.40024 4.63407 0)
(1.40178 0.355925 0)
(4.63407 1.40024 0)
(3.1899 2.18982 0)
(2.18982 3.1899 0)
(3.28751 2.5703 0)
(2.5703 3.28751 0)
(3.98724 3.98795 0)
(3.25494 3.07494 0)
(3.07445 3.25519 0)
(3.47958 0.398045 0)
(4.60196 3.47958 0)
(0.398045 3.47958 0)
(3.47958 4.60196 0)
(2.27338 3.30514 0)
(3.30514 2.27338 0)
(3.95582 2.36036 0)
(2.36036 3.95582 0)
(2.38341 0.975123 0)
(0.975123 2.38341 0)
(3.10014 1.69133 0)
(1.69133 3.10014 0)
(3.04755 1.9622 0)
(1.9622 3.04755 0)
(3.05812 2.35303 0)
(2.35303 3.05812 0)
(1.95171 3.3291 0)
(3.3291 1.95171 0)
(2.06802 1.47511 0)
(1.4751 2.06801 0)
(1.52769 3.2441 0)
(3.2441 1.52769 0)
(2.09305 3.62551 0)
(3.62551 2.09305 0)
(1.9171 0.357486 0)
(4.6435 1.91612 0)
(0.357486 1.9171 0)
(1.91612 4.6435 0)
(4.03299 0.391228 0)
(4.60821 4.03111 0)
(0.391228 4.03299 0)
(4.03111 4.60821 0)
(2.57491 1.65353 0)
(1.65353 2.57491 0)
(2.83155 2.97351 0)
(2.97351 2.83155 0)
(1.98194 2.74182 0)
(2.74182 1.98194 0)
(0.416463 0.416463 0)
(0.416463 4.58354 0)
(4.58354 0.416463 0)
(4.55947 4.55947 0)
(3.05952 1.33011 0)
(1.33011 3.05952 0)
(1.50081 1.67701 0)
(2.90971 1.92288 0)
(1.92288 2.90971 0)
(1.67815 1.5008 0)
(1.9299 2.5442 0)
(2.5442 1.9299 0)
(2.49858 3.47332 0)
(3.47332 2.49858 0)
(0.382434 0.911784 0)
(0.905363 4.60592 0)
(0.911784 0.382434 0)
(4.60592 0.905363 0)
(2.03006 3.19867 0)
(3.19867 2.03006 0)
(2.09484 2.09484 0)
(3.47429 1.69054 0)
(1.69054 3.47429 0)
(3.94222 0.991901 0)
(0.991901 3.94222 0)
(3.75061 3.04288 0)
(3.04227 3.7511 0)
(2.82571 3.1702 0)
(2.95824 3.16308 0)
(3.1702 2.82571 0)
(3.16119 2.9602 0)
(1.27002 1.96228 0)
(1.96229 1.27002 0)
(1.80541 2.40131 0)
(2.40131 1.80541 0)
(2.84614 1.79515 0)
(1.79515 2.84614 0)
(2.83424 3.46695 0)
(3.46695 2.83424 0)
(1.92848 3.74765 0)
(3.74765 1.92848 0)
(1.53309 2.45095 0)
(2.45095 1.53309 0)
(2.89623 2.10232 0)
(2.10232 2.89623 0)
(2.46999 3.19935 0)
(3.19935 2.46999 0)
(3.30739 2.74409 0)
(2.74409 3.30739 0)
(3.45115 2.05142 0)
(2.05142 3.45115 0)
(4.27141 2.90768 0)
(0.761183 2.8888 0)
(2.90768 4.27141 0)
(2.8888 0.761183 0)
(3.49255 3.2943 0)
(2.1835 1.34061 0)
(1.34061 2.18349 0)
(2.3555 1.95983 0)
(1.95983 2.3555 0)
(2.71744 1.5987 0)
(1.5987 2.71744 0)
(3.29155 3.49018 0)
(1.04943 1.04943 0)
(1.82668 1.82667 0)
(3.50686 1.24491 0)
(1.24491 3.50686 0)
(0.998388 3.24881 0)
(3.23063 3.99247 0)
(3.9915 3.23154 0)
(3.24881 0.998388 0)
(2.54821 3.05858 0)
(3.05858 2.54821 0)
(3.74987 3.5161 0)
(3.50823 3.74952 0)
(2.11891 1.78037 0)
(1.78037 2.1189 0)
(2.00032 1.58631 0)
(1.58629 2.0003 0)
(2.62817 3.62147 0)
(3.62147 2.62817 0)
(2.25969 3.72933 0)
(3.72933 2.25969 0)
(1.25556 1.47901 0)
(1.47413 1.25103 0)
(2.12269 2.82808 0.317135)
(2.17833 2.88279 0.656246)
(2.30332 2.95969 0.728528)
(2.06599 2.74827 0.732529)
(2.30475 2.9603 0.183688)
(2.04998 2.7179 0.153741)
(2.32554 2.96858 0.840795)
(2.32934 2.96997 0.0965872)
(2.00818 2.59007 0.869695)
(2.15842 2.86513 0.815045)
(2.06536 2.74717 0.345706)
(2.26356 2.94056 0.338375)
(2.04538 2.70813 0.567594)
(2.30385 2.95992 0.524754)
(2.1417 2.84874 0.480175)
(2.26252 2.94 0.881982)
(2.25813 2.93761 0.0623717)
(2.08521 2.77919 0.919755)
(2.11614 2.82039 0.697528)
(2.24642 2.93092 0.667058)
(2.40569 2.99102 0.640032)
(2.19451 2.89582 0.285178)
(2.00869 2.59282 0.269252)
(2.00844 2.59146 0.768556)
(2.08407 2.77749 0.252176)
(2.36349 2.981 0.323393)
(2.4131 2.99239 0.761182)
(2.4171 2.99308 0.857435)
(2.40878 2.99161 0.166722)
(2.08551 2.77964 0.521459)
(2.00982 2.5986 0.425967)
(2.15173 2.85876 0.911703)
(2.04236 2.70142 0.453722)
(2.21117 2.90814 0.498609)
(2.04806 2.71389 0.0630252)
(2.10087 2.80116 0.41033)
(2.21134 2.90826 0.180213)
(2.11479 2.81877 0.84402)
(2.06714 2.75026 0.835981)
(2.09832 2.79775 0.157708)
(2.03573 2.68561 0.259345)
(2.20812 2.90596 0.852766)
(2.39274 2.98836 0.517427)
(2.22505 2.91762 0.590763)
(2.30307 2.95958 0.429549)
(2.25631 2.9366 0.808181)
(2.20648 2.90478 0.0867984)
(2.22191 2.91553 0.932711)
(2.00965 2.59774 0.165167)
(2.07756 2.76747 0.62404)
(2.08342 2.77652 0.0727371)
(2.19075 2.89289 0.746069)
(2.27959 2.9488 0.264168)
(2.25543 2.9361 0.129459)
(2.35597 2.97881 0.240898)
(2.4125 2.99228 0.0624033)
(2.1903 2.89254 0.386603)
(2.11615 2.8204 0.777563)
(2.02914 2.66821 0.810767)
(2.32068 2.96674 0.922481)
(2.01158 2.60697 0.514719)
(2.1384 2.84532 0.20906)
(2.03104 2.67343 0.718934)
(2.41073 2.99197 0.409629)
(2.42506 2.99435 0.257314)
(2.14433 2.85143 0.100931)
(2.02979 2.67 0.92258)
(2.14358 2.85066 0.58126)
(2.01987 2.63956 0.347888)
(2.00493 2.57003 0.936233)
(2.01312 2.61377 0.63555)
(2.31252 2.96352 0.610093)
(2.01995 2.63983 0.0729147)
(2.04423 2.7056 0.656825)
(2.00428 2.56528 0.0698385)
(2.41237 2.99226 0.944801)
(2.82808 2.87731 0.317135)
(2.88279 2.82167 0.656246)
(2.95969 2.69668 0.728528)
(2.74827 2.93401 0.732529)
(2.9603 2.69525 0.183688)
(2.7179 2.95002 0.153741)
(2.96858 2.67446 0.840795)
(2.96997 2.67066 0.0965872)
(2.59007 2.99182 0.869695)
(2.86513 2.84158 0.815045)
(2.74717 2.93464 0.345706)
(2.94056 2.73644 0.338375)
(2.70813 2.95462 0.567594)
(2.95992 2.69615 0.524754)
(2.84874 2.8583 0.480175)
(2.94 2.73748 0.881982)
(2.93761 2.74187 0.0623717)
(2.77919 2.91479 0.919755)
(2.82039 2.88386 0.697528)
(2.93092 2.75358 0.667058)
(2.99102 2.59431 0.640032)
(2.89582 2.80549 0.285178)
(2.59282 2.99131 0.269252)
(2.59146 2.99156 0.768556)
(2.77749 2.91593 0.252176)
(2.981 2.63651 0.323393)
(2.99239 2.5869 0.761182)
(2.99308 2.5829 0.857435)
(2.99161 2.59122 0.166722)
(2.77964 2.91449 0.521459)
(2.5986 2.99018 0.425967)
(2.85876 2.84827 0.911703)
(2.70142 2.95764 0.453722)
(2.90814 2.78883 0.498609)
(2.71389 2.95194 0.0630252)
(2.80116 2.89913 0.41033)
(2.90826 2.78866 0.180213)
(2.81877 2.88521 0.84402)
(2.75026 2.93286 0.835981)
(2.79775 2.90168 0.157708)
(2.68561 2.96427 0.259345)
(2.90596 2.79188 0.852766)
(2.98836 2.60726 0.517427)
(2.91762 2.77495 0.590763)
(2.95958 2.69693 0.429549)
(2.9366 2.74369 0.808181)
(2.90478 2.79352 0.0867984)
(2.91553 2.77809 0.932711)
(2.59774 2.99035 0.165167)
(2.76747 2.92244 0.62404)
(2.77652 2.91658 0.0727371)
(2.89289 2.80925 0.746069)
(2.9488 2.72041 0.264168)
(2.9361 2.74457 0.129459)
(2.97881 2.64403 0.240898)
(2.99228 2.5875 0.0624033)
(2.89254 2.8097 0.386603)
(2.8204 2.88385 0.777563)
(2.66821 2.97086 0.810767)
(2.96674 2.67932 0.922481)
(2.60697 2.98842 0.514719)
(2.84532 2.8616 0.20906)
(2.67343 2.96896 0.718934)
(2.99197 2.58927 0.409629)
(2.99435 2.57494 0.257314)
(2.85143 2.85567 0.100931)
(2.67 2.97021 0.92258)
(2.85066 2.85642 0.58126)
(2.63956 2.98013 0.347888)
(2.57003 2.99507 0.936233)
(2.61377 2.98688 0.63555)
(2.96352 2.68748 0.610093)
(2.63983 2.98005 0.0729147)
(2.7056 2.95577 0.656825)
(2.56528 2.99572 0.0698385)
(2.99226 2.58763 0.944801)
(2.87731 2.17192 0.317135)
(2.82167 2.11721 0.656246)
(2.69668 2.04031 0.728528)
(2.93401 2.25173 0.732529)
(2.69525 2.0397 0.183688)
(2.95002 2.2821 0.153741)
(2.67446 2.03142 0.840795)
(2.67066 2.03003 0.0965872)
(2.99182 2.40993 0.869695)
(2.84158 2.13487 0.815045)
(2.93464 2.25283 0.345706)
(2.73644 2.05944 0.338375)
(2.95462 2.29187 0.567594)
(2.69615 2.04008 0.524754)
(2.8583 2.15126 0.480175)
(2.73748 2.06 0.881982)
(2.74187 2.06239 0.0623717)
(2.91479 2.22081 0.919755)
(2.88386 2.17961 0.697528)
(2.75358 2.06908 0.667058)
(2.59431 2.00898 0.640032)
(2.80549 2.10418 0.285178)
(2.99131 2.40718 0.269252)
(2.99156 2.40854 0.768556)
(2.91593 2.22251 0.252176)
(2.63651 2.019 0.323393)
(2.5869 2.00761 0.761182)
(2.5829 2.00692 0.857435)
(2.59122 2.00839 0.166722)
(2.91449 2.22036 0.521459)
(2.99018 2.4014 0.425967)
(2.84827 2.14124 0.911703)
(2.95764 2.29858 0.453722)
(2.78883 2.09186 0.498609)
(2.95194 2.28611 0.0630252)
(2.89913 2.19884 0.41033)
(2.78866 2.09174 0.180213)
(2.88521 2.18123 0.84402)
(2.93286 2.24974 0.835981)
(2.90168 2.20225 0.157708)
(2.96427 2.31439 0.259345)
(2.79188 2.09404 0.852766)
(2.60726 2.01164 0.517427)
(2.77495 2.08238 0.590763)
(2.69693 2.04042 0.429549)
(2.74369 2.0634 0.808181)
(2.79352 2.09522 0.0867984)
(2.77809 2.08447 0.932711)
(2.99035 2.40226 0.165167)
(2.92244 2.23253 0.62404)
(2.91658 2.22348 0.0727371)
(2.80925 2.10711 0.746069)
(2.72041 2.0512 0.264168)
(2.74457 2.0639 0.129459)
(2.64403 2.02119 0.240898)
(2.5875 2.00772 0.0624033)
(2.8097 2.10746 0.386603)
(2.88385 2.1796 0.777563)
(2.97086 2.33179 0.810767)
(2.67932 2.03326 0.922481)
(2.98842 2.39303 0.514719)
(2.8616 2.15468 0.20906)
(2.96896 2.32657 0.718934)
(2.58927 2.00803 0.409629)
(2.57494 2.00565 0.257314)
(2.85567 2.14857 0.100931)
(2.97021 2.33 0.92258)
(2.85642 2.14934 0.58126)
(2.98013 2.36044 0.347888)
(2.99507 2.42997 0.936233)
(2.98688 2.38623 0.63555)
(2.68748 2.03648 0.610093)
(2.98005 2.36017 0.0729147)
(2.95577 2.2944 0.656825)
(2.99572 2.43472 0.0698385)
(2.58763 2.00774 0.944801)
(2.17192 2.12269 0.317135)
(2.11721 2.17833 0.656246)
(2.04031 2.30332 0.728528)
(2.25173 2.06599 0.732529)
(2.0397 2.30475 0.183688)
(2.2821 2.04998 0.153741)
(2.03142 2.32554 0.840795)
(2.03003 2.32934 0.0965872)
(2.40993 2.00818 0.869695)
(2.13487 2.15842 0.815045)
(2.25283 2.06536 0.345706)
(2.05944 2.26356 0.338375)
(2.29187 2.04538 0.567594)
(2.04008 2.30385 0.524754)
(2.15126 2.1417 0.480175)
(2.06 2.26252 0.881982)
(2.06239 2.25813 0.0623717)
(2.22081 2.08521 0.919755)
(2.17961 2.11614 0.697528)
(2.06908 2.24642 0.667058)
(2.00898 2.40569 0.640032)
(2.10418 2.19451 0.285178)
(2.40718 2.00869 0.269252)
(2.40854 2.00844 0.768556)
(2.22251 2.08407 0.252176)
(2.019 2.36349 0.323393)
(2.00761 2.4131 0.761182)
(2.00692 2.4171 0.857435)
(2.00839 2.40878 0.166722)
(2.22036 2.08551 0.521459)
(2.4014 2.00982 0.425967)
(2.14124 2.15173 0.911703)
(2.29858 2.04236 0.453722)
(2.09186 2.21117 0.498609)
(2.28611 2.04806 0.0630252)
(2.19884 2.10087 0.41033)
(2.09174 2.21134 0.180213)
(2.18123 2.11479 0.84402)
(2.24974 2.06714 0.835981)
(2.20225 2.09832 0.157708)
(2.31439 2.03573 0.259345)
(2.09404 2.20812 0.852766)
(2.01164 2.39274 0.517427)
(2.08238 2.22505 0.590763)
(2.04042 2.30307 0.429549)
(2.0634 2.25631 0.808181)
(2.09522 2.20648 0.0867984)
(2.08447 2.22191 0.932711)
(2.40226 2.00965 0.165167)
(2.23253 2.07756 0.62404)
(2.22348 2.08342 0.0727371)
(2.10711 2.19075 0.746069)
(2.0512 2.27959 0.264168)
(2.0639 2.25543 0.129459)
(2.02119 2.35597 0.240898)
(2.00772 2.4125 0.0624033)
(2.10746 2.1903 0.386603)
(2.1796 2.11615 0.777563)
(2.33179 2.02914 0.810767)
(2.03326 2.32068 0.922481)
(2.39303 2.01158 0.514719)
(2.15468 2.1384 0.20906)
(2.32657 2.03104 0.718934)
(2.00803 2.41073 0.409629)
(2.00565 2.42506 0.257314)
(2.14857 2.14433 0.100931)
(2.33 2.02979 0.92258)
(2.14934 2.14358 0.58126)
(2.36044 2.01987 0.347888)
(2.42997 2.00493 0.936233)
(2.38623 2.01312 0.63555)
(2.03648 2.31252 0.610093)
(2.36017 2.01995 0.0729147)
(2.2944 2.04423 0.656825)
(2.43472 2.00428 0.0698385)
(2.00774 2.41237 0.944801)
(0 3.08123 0.500165)
(0 3.61136 0.534248)
(0 0.156792 0.791238)
(0 4.84464 0.790646)
(0 4.86512 0.283962)
(0 1.89499 0.498477)
(0 2.50169 0.498832)
(0 4.89027 0.56059)
(0 0.20407 0.358652)
(0 0.126871 0.168802)
(0 0.12736 0.577522)
(0 4.5029 0.477217)
(0 0.712856 0.476752)
(0 0.375952 0.523259)
(0 4.0673 0.602293)
(0 1.36057 0.495872)
(1.39605 0 0.460135)
(1.94414 0 0.498787)
(3.14815 0 0.5)
(2.51538 0 0.499798)
(3.67949 0 0.502497)
(0.141537 0 0.828454)
(0.176833 0 0.598034)
(0.448977 0 0.459289)
(0.871437 0 0.48593)
(4.86078 0 0.188361)
(0.147671 0 0.271054)
(4.83294 0 0.6927)
(4.17931 0 0.4936)
(4.72024 0 0.463499)
(5 1.39605 0.460135)
(5 1.94414 0.498787)
(5 3.14815 0.5)
(5 2.51538 0.499798)
(5 3.67949 0.502497)
(5 0.141537 0.828454)
(5 0.176833 0.598034)
(5 0.448977 0.459289)
(5 0.871437 0.48593)
(5 4.86078 0.188361)
(5 0.147671 0.271054)
(5 4.83294 0.6927)
(5 4.17931 0.4936)
(5 4.72024 0.463499)
(3.08123 5 0.500165)
(3.61136 5 0.534248)
(0.156792 5 0.791238)
(4.84464 5 0.790646)
(4.86512 5 0.283962)
(1.89499 5 0.498477)
(2.50169 5 0.498832)
(4.89027 5 0.56059)
(0.20407 5 0.358652)
(0.126871 5 0.168802)
(0.12736 5 0.577522)
(4.5029 5 0.477217)
(0.712856 5 0.476752)
(0.375952 5 0.523259)
(4.0673 5 0.602293)
(1.36057 5 0.495872)
(3.74495 1.25505 1)
(1.25505 1.25505 1)
(1.25505 3.74495 1)
(3.74495 3.74495 1)
(2.1535 1.10449 1)
(1.10449 2.1535 1)
(3.87692 2.12412 1)
(2.12412 3.87692 1)
(1.38384 2.79568 1)
(2.82272 3.66439 1)
(2.79568 1.38384 1)
(3.66439 2.82272 1)
(3.29977 1.76472 1)
(1.76472 3.29977 1)
(3.28072 3.28077 1)
(1.70925 1.70924 1)
(2.11495 1.65047 1)
(1.65047 2.11495 1)
(3.31025 2.12218 1)
(2.12218 3.31025 1)
(1.92078 1.92078 1)
(1.69343 2.42943 1)
(2.42943 1.69343 1)
(2.42236 3.3046 1)
(3.3046 2.42236 1)
(2.97592 1.82972 1)
(1.82972 2.97592 1)
(2.90218 3.30435 1)
(3.30435 2.90218 1)
(3.05986 3.05986 1)
(1.76341 2.70802 1)
(2.70802 1.76341 1)
(3.0783 2.09988 1)
(2.09988 3.0783 1)
(3.21893 0.732544 1)
(4.26746 3.21893 1)
(0.732544 3.21893 1)
(3.21893 4.26746 1)
(2.56432 0.706035 1)
(4.29422 2.56317 1)
(0.706035 2.56432 1)
(2.56317 4.29422 1)
(2.20278 1.8818 1)
(1.8818 2.20278 1)
(1.64171 0.686838 1)
(4.31316 1.64171 1)
(0.686838 1.64171 1)
(1.64171 4.31316 1)
(2.68235 3.17732 1)
(3.17732 2.68235 1)
(3.28102 1.23591 1)
(1.23591 3.28102 1)
(1.68202 3.72144 1)
(3.72144 1.68202 1)
(3.73942 3.28157 1)
(3.27147 3.748 1)
(3.16912 2.33831 1)
(2.33831 3.16912 1)
(1.25403 1.70297 1)
(1.70297 1.25403 1)
(0.788384 0.788384 1)
(4.21175 0.760675 1)
(0.760675 4.21175 1)
(4.27306 4.27306 1)
(2.89673 3.05739 1)
(3.05739 2.89673 1)
(2.78385 1.89953 1)
(2.5376 1.81466 1)
(1.89953 2.78385 1)
(1.81466 2.5376 1)
(3.70242 2.44193 1)
(2.44193 3.70242 1)
(2.44593 1.32437 1)
(1.32437 2.44593 1)
(2.02129 2.02129 1)
(3.01628 1.51555 1)
(1.51555 3.01628 1)
(2.96523 2.04484 1)
(2.04484 2.96523 1)
(2.32563 1.87731 1)
(1.87731 2.32563 1)
(0.731691 2.13061 1)
(2.12655 4.28355 1)
(2.13061 0.731691 1)
(4.28355 2.12655 1)
(0.71263 3.72854 1)
(3.74972 4.29297 1)
(3.72854 0.71263 1)
(4.29297 3.74972 1)
(3.43799 2.64976 1)
(2.64976 3.43799 1)
(3.14616 2.56329 1)
(2.56329 3.14616 1)
(3.50811 1.9044 1)
(1.9044 3.50811 1)
(1.87735 1.48978 1)
(1.48972 1.87728 1)
(2.24519 3.05566 1)
(3.05566 2.24519 1)
(3.4943 3.06456 1)
(3.06295 3.49509 1)
(1.51016 2.59755 1)
(2.59755 1.51016 1)
(3.163 1.87797 1)
(1.87797 3.163 1)
(2.152 2.00533 1)
(2.00533 2.152 1)
(2.75937 3.04995 1)
(3.04995 2.75937 1)
(2.93192 2.93192 1)
(2.65612 1.91397 1)
(1.91397 2.65612 1)
(2.27898 3.48596 1)
(3.48596 2.27898 1)
(2.84298 2.01737 1)
(2.01737 2.84298 1)
(3.48939 1.48735 1)
(1.48735 3.48939 1)
(1.19741 0.733831 1)
(4.20615 1.18813 1)
(0.733831 1.19741 1)
(1.18813 4.20615 1)
(1.52907 2.28775 1)
(2.28775 1.52907 1)
(1.9133 2.44045 1)
(2.44045 1.9133 1)
(2.99931 1.04301 1)
(3.97741 2.97582 1)
(1.04301 2.99931 1)
(2.97582 3.97741 1)
(3.08934 2.4557 1)
(2.4557 3.08934 1)
(2.26926 1.97078 1)
(1.97078 2.26926 1)
(1.94097 1.72987 1)
(1.72986 1.94096 1)
(2.15378 2.96851 1)
(2.96851 2.15378 1)
(1.47099 1.4694 1)
(2.63522 3.06501 1)
(3.06501 2.63522 1)
(3.5158 3.52122 1)
(2.88272 1.66078 1)
(1.66078 2.88272 1)
(3.91252 2.63459 1)
(2.63459 3.91252 1)
(4.00626 1.83879 1)
(1.83879 4.00626 1)
(2.65976 1.05388 1)
(1.05388 2.65976 1)
(1.83983 1.0035 1)
(1.0035 1.83983 1)
(2.05913 1.89141 1)
(1.8914 2.05913 1)
(1.74831 2.2767 1)
(2.2767 1.74831 1)
(2.91108 0.426889 1)
(4.57312 2.91104 1)
(0.426889 2.91108 1)
(2.91104 4.57312 1)
(3.99935 1.49203 1)
(1.49203 3.99935 1)
(0.991049 3.5099 1)
(3.5099 4.00895 1)
(3.5099 0.991049 1)
(3.99931 3.51667 1)
(2.43959 0.370461 1)
(4.63021 2.43936 1)
(0.370461 2.43959 1)
(2.43936 4.63021 1)
(1.45969 1.02164 1)
(1.03403 1.4522 1)
(1.40178 0.355925 1)
(4.63407 1.40024 1)
(0.355925 1.40178 1)
(1.40024 4.63407 1)
(3.1899 2.18982 1)
(2.18982 3.1899 1)
(3.28751 2.5703 1)
(2.5703 3.28751 1)
(3.98724 3.98795 1)
(3.25494 3.07494 1)
(3.07445 3.25519 1)
(3.47958 0.398045 1)
(4.60196 3.47958 1)
(0.398045 3.47958 1)
(3.47958 4.60196 1)
(2.27338 3.30514 1)
(3.30514 2.27338 1)
(3.95582 2.36036 1)
(2.36036 3.95582 1)
(2.38341 0.975123 1)
(0.975123 2.38341 1)
(3.10014 1.69133 1)
(1.69133 3.10014 1)
(3.04755 1.9622 1)
(1.9622 3.04755 1)
(3.05812 2.35303 1)
(2.35303 3.05812 1)
(3.3291 1.95171 1)
(1.95171 3.3291 1)
(2.06802 1.47511 1)
(1.4751 2.06801 1)
(1.52769 3.2441 1)
(3.2441 1.52769 1)
(3.62551 2.09305 1)
(2.09305 3.62551 1)
(1.9171 0.357486 1)
(4.6435 1.91612 1)
(0.357486 1.9171 1)
(1.91612 4.6435 1)
(4.03299 0.391228 1)
(4.60821 4.03111 1)
(0.391228 4.03299 1)
(4.03111 4.60821 1)
(2.57491 1.65353 1)
(1.65353 2.57491 1)
(2.83155 2.97351 1)
(2.97351 2.83155 1)
(1.98194 2.74182 1)
(2.74182 1.98194 1)
(0.416463 0.416463 1)
(4.58354 0.416463 1)
(0.416463 4.58354 1)
(4.55947 4.55947 1)
(3.05952 1.33011 1)
(1.33011 3.05952 1)
(1.50081 1.67701 1)
(2.90971 1.92288 1)
(1.92288 2.90971 1)
(1.67815 1.5008 1)
(2.5442 1.9299 1)
(1.9299 2.5442 1)
(3.47332 2.49858 1)
(2.49858 3.47332 1)
(0.911784 0.382434 1)
(0.382434 0.911784 1)
(4.60592 0.905363 1)
(0.905363 4.60592 1)
(3.19867 2.03006 1)
(2.03006 3.19867 1)
(2.09484 2.09484 1)
(3.47429 1.69054 1)
(1.69054 3.47429 1)
(3.94222 0.991901 1)
(0.991901 3.94222 1)
(3.75061 3.04288 1)
(3.04227 3.7511 1)
(2.82571 3.1702 1)
(2.95824 3.16308 1)
(3.1702 2.82571 1)
(3.16119 2.9602 1)
(1.27002 1.96228 1)
(1.96229 1.27002 1)
(1.80541 2.40131 1)
(2.40131 1.80541 1)
(2.84614 1.79515 1)
(1.79515 2.84614 1)
(3.46695 2.83424 1)
(2.83424 3.46695 1)
(3.74765 1.92848 1)
(1.92848 3.74765 1)
(1.53309 2.45095 1)
(2.45095 1.53309 1)
(2.89623 2.10232 1)
(2.10232 2.89623 1)
(2.46999 3.19935 1)
(3.19935 2.46999 1)
(3.30739 2.74409 1)
(2.74409 3.30739 1)
(3.45115 2.05142 1)
(2.05142 3.45115 1)
(4.27141 2.90768 1)
(0.761183 2.8888 1)
(2.8888 0.761183 1)
(2.90768 4.27141 1)
(3.49255 3.2943 1)
(2.1835 1.34061 1)
(1.34061 2.18349 1)
(2.3555 1.95983 1)
(1.95983 2.3555 1)
(2.71744 1.5987 1)
(1.5987 2.71744 1)
(3.29155 3.49018 1)
(1.04943 1.04943 1)
(1.82668 1.82667 1)
(3.50686 1.24491 1)
(1.24491 3.50686 1)
(0.998388 3.24881 1)
(3.23063 3.99247 1)
(3.9915 3.23154 1)
(3.24881 0.998388 1)
(3.05858 2.54821 1)
(2.54821 3.05858 1)
(3.74987 3.5161 1)
(3.50823 3.74952 1)
(2.11891 1.78037 1)
(1.78037 2.1189 1)
(2.00032 1.58631 1)
(1.58629 2.0003 1)
(2.62817 3.62147 1)
(3.62147 2.62817 1)
(2.25969 3.72933 1)
(3.72933 2.25969 1)
(1.25556 1.47901 1)
(1.47413 1.25103 1)
(0.380503 2.37868 0.445392)
(2.02981 1.61101 0.460177)
(1.65553 2.01108 0.503068)
(3.25755 1.87115 0.530879)
(2.04241 3.38624 0.51801)
(2.55316 3.48529 0.487078)
(3.55731 2.61519 0.535518)
(1.52946 2.48062 0.529318)
(1.59612 2.96884 0.499251)
(2.76955 1.58836 0.489575)
(3.06895 3.05978 0.391948)
(2.87902 3.2059 0.705649)
(2.43188 1.61216 0.509532)
(3.29849 2.25485 0.686652)
(2.94931 1.82566 0.640344)
(1.98737 1.9484 0.666941)
(3.18865 2.93793 0.743442)
(1.94266 1.94422 0.327098)
(3.23407 2.79168 0.294929)
(1.92484 3.05044 0.645881)
(2.06316 3.23125 0.148879)
(2.40177 3.27993 0.306413)
(1.40107 1.62253 0.497565)
(2.19206 1.83833 0.729028)
(2.92867 1.75974 0.207737)
(3.95353 2.13955 0.515325)
(1.88592 2.93894 0.248785)
(3.32925 2.30932 0.27)
(1.76507 2.27326 0.403526)
(2.84813 3.21219 0.211807)
(1.78595 2.84285 0.648616)
(1.71554 2.59241 0.23447)
(2.18334 1.79663 0.372121)
(2.26997 3.2447 0.672588)
(1.86122 2.15996 0.676542)
(1.66837 1.64786 0.578185)
(1.7142 1.1275 0.640546)
(3.75883 3.14351 0.688255)
(1.72437 2.45062 0.791419)
(1.31701 3.3951 0.414913)
(3.17541 2.06713 0.338271)
(2.59804 1.74875 0.322632)
(2.2599 3.78025 0.320969)
(3.15749 2.07317 0.740051)
(3.01965 3.78892 0.512406)
(1.13434 2.08047 0.331525)
(3.23486 2.53647 0.761004)
(3.04196 3.01003 0.146797)
(2.60212 3.26934 0.707959)
(2.74744 1.73796 0.789162)
(2.30956 1.25165 0.55239)
(3.67817 3.61452 0.47275)
(2.00494 3.00433 0.851452)
(2.97327 3.02464 0.781082)
(1.27402 1.02036 0.470239)
(2.54239 3.21904 0.166719)
(0.713683 3.184 0.514043)
(3.2755 1.39279 0.690717)
(3.20043 2.52999 0.168286)
(3.17039 2.56679 0.462028)
(2.11553 3.15682 0.598525)
(2.41474 1.834 0.194622)
(2.10108 2.01547 0.805003)
(1.78061 2.35952 0.156129)
(2.17326 3.03203 0.750342)
(1.8667 2.68202 0.493551)
(1.78441 3.21594 0.199444)
(2.5569 3.17591 0.413196)
(1.55427 3.64224 0.304073)
(1.9483 2.16329 0.209522)
(3.08485 2.17446 0.526251)
(2.96296 1.96684 0.815928)
(3.50737 0.738936 0.531271)
(1.9841 3.08973 0.391706)
(4.24101 3.16335 0.491502)
(2.40915 1.85546 0.652374)
(2.08942 1.96505 0.168868)
(1.64644 1.84903 0.186238)
(2.66035 1.84571 0.178489)
(1.45981 2.06396 0.195429)
(2.11994 1.96736 0.488589)
(1.81897 1.66938 0.235956)
(0.89158 2.47348 0.435323)
(1.52561 2.22356 0.76826)
(1.2515 3.93008 0.512208)
(2.25748 3.20455 0.145696)
(2.19809 1.4856 0.327847)
(2.03393 2.90798 0.140583)
(2.11079 1.6328 0.765281)
(2.90449 3.00879 0.548757)
(3.33129 4.18515 0.505949)
(1.48743 2.79122 0.245958)
(1.63051 3.30733 0.685599)
(2.29298 1.90638 0.538886)
(1.97881 2.18225 0.844647)
(3.43127 2.10254 0.175326)
(3.19499 2.71684 0.810401)
(2.80919 1.86979 0.487859)
(2.692 3.08449 0.68064)
(1.4715 1.92462 0.695475)
(0.81407 1.36135 0.470381)
(1.60856 2.76608 0.811591)
(3.68393 1.73247 0.380595)
(2.8895 0.896152 0.493323)
(2.99327 2.02684 0.493531)
(3.05247 2.82239 0.501224)
(1.99176 2.09494 0.563869)
(1.80674 2.4659 0.491084)
(3.39664 1.92371 0.776769)
(3.15164 2.40379 0.569983)
(1.91496 3.45982 0.197922)
(3.16016 2.26649 0.162618)
(2.8152 1.99247 0.614107)
(1.89147 2.69503 0.82562)
(2.97671 2.08099 0.197996)
(3.42057 3.39095 0.682515)
(2.64348 4.06867 0.503695)
(1.64076 2.01716 0.849326)
(1.74739 1.80153 0.823543)
(2.71069 3.3966 0.220733)
(2.50613 1.26926 0.275698)
(3.20598 1.55297 0.262124)
(1.95201 2.78986 0.559084)
(2.33721 3.10379 0.448161)
(4.26183 1.77817 0.548414)
(2.91745 2.02331 0.359272)
(2.47122 3.12486 0.841243)
(3.47637 2.89054 0.769087)
(2.44785 3.51434 0.770209)
(3.14297 2.40473 0.847398)
(3.47407 2.38769 0.805633)
(1.82623 4.01605 0.536328)
(1.9347 2.70697 0.201407)
(2.43097 1.8665 0.412728)
(4.10476 1.29411 0.568104)
(2.79031 1.94457 0.877385)
(1.31289 3.02522 0.655566)
(2.16393 3.01932 0.1246)
(0.722793 3.78113 0.566365)
(3.08254 2.80619 0.14441)
(3.89026 2.83849 0.631568)
(1.91058 3.33775 0.799285)
(1.94767 2.14342 0.368505)
(2.11525 3.53292 0.754862)
(1.92221 1.79234 0.472693)
(1.90974 1.732 0.667929)
(1.49715 3.19487 0.268342)
(1.85843 2.02648 0.842237)
(3.23244 1.66315 0.740232)
(3.03703 2.80035 0.85642)
(1.61512 1.38076 0.355115)
(1.59268 2.40772 0.210499)
(1.72977 2.0486 0.300771)
(2.42616 0.810255 0.498718)
(3.29908 1.86557 0.203267)
(2.8268 3.04052 0.124394)
(1.71544 1.39647 0.783803)
(1.81835 3.60199 0.697076)
(2.14298 2.01668 0.672573)
(1.65467 3.05416 0.803032)
(4.29107 2.52403 0.528341)
(2.87237 1.99222 0.138639)
(1.8851 2.49186 0.879123)
(3.07057 2.27943 0.839705)
(2.7358 3.4676 0.73836)
(2.1238 2.9757 0.588487)
(1.89855 2.34976 0.581475)
(2.43039 3.1202 0.148109)
(2.56392 1.59627 0.784185)
(3.43723 2.6253 0.206551)
(3.66126 2.3561 0.234118)
(2.76575 3.07744 0.825314)
(2.84276 2.99589 0.69583)
(2.47244 1.87771 0.872287)
(2.45203 1.54486 0.213851)
(2.43912 3.16395 0.586826)
(1.7399 2.62203 0.669008)
(3.55199 2.89327 0.323511)
(2.78112 3.04953 0.391542)
(2.04279 2.12228 0.701097)
(1.90526 2.33661 0.766202)
(3.02034 2.13403 0.875518)
(1.86671 2.55616 0.121769)
(3.10459 2.45071 0.36569)
(1.89733 1.34038 0.276766)
(2.31897 3.42196 0.495015)
(2.19398 3.02603 0.892559)
(2.63114 1.88847 0.52359)
(1.98585 2.83247 0.314032)
(1.98272 1.84812 0.83574)
(1.90826 0.629997 0.522267)
(3.0571 2.7142 0.292273)
(3.01528 3.33121 0.474336)
(2.3598 1.90383 0.886475)
(2.2641 1.9078 0.151751)
(3.10384 2.6391 0.628396)
(2.22768 1.63596 0.595538)
(2.03465 2.11802 0.127917)
(2.02603 1.78142 0.187516)
(2.31467 1.70176 0.841533)
(2.21762 3.44039 0.190629)
(3.00108 2.84922 0.675266)
(1.42942 1.33598 0.704665)
(2.18216 3.03327 0.26712)
(1.31945 2.43896 0.228705)
(1.92135 2.67762 0.647342)
(1.46522 1.90249 0.387713)
(1.32891 1.37319 0.275815)
(1.71222 2.29013 0.631082)
(1.11249 0.529302 0.492028)
(3.0834 2.59306 0.284112)
(2.4436 3.10169 0.320502)
(3.32944 3.37108 0.256245)
(2.9288 2.91584 0.405798)
(2.30301 3.08595 0.864094)
(2.52347 1.88996 0.154955)
(3.35493 3.0725 0.508766)
(3.84608 2.6707 0.262021)
(3.12763 2.40179 0.175886)
(2.46887 3.4895 0.176939)
(1.89123 1.98371 0.475217)
(2.92429 1.78905 0.844649)
(1.48979 2.47807 0.824211)
(1.2217 2.38642 0.621217)
(2.6185 1.91254 0.875534)
(2.92758 1.32398 0.309656)
(4.17552 3.85586 0.545899)
(2.09891 1.81435 0.591942)
(2.75711 1.94508 0.332463)
(3.07766 2.31003 0.372503)
(1.33455 1.74811 0.214317)
(1.09567 1.77763 0.640651)
(3.57372 2.28684 0.495742)
(2.95765 1.5244 0.752865)
(2.27973 1.95315 0.729518)
(1.48914 1.63227 0.801868)
(2.28702 4.44562 0.496124)
(3.68023 1.33271 0.281397)
(1.11799 2.85022 0.27986)
(3.44354 3.13048 0.801931)
(1.17051 1.4364 0.684863)
(1.59345 4.48456 0.497056)
(0.841619 4.34415 0.492182)
(2.03262 1.53658 0.153703)
(3.06349 2.29409 0.629958)
(2.68969 3.13404 0.11737)
(1.88678 2.42602 0.355366)
(2.74574 3.25569 0.49731)
(3.11842 3.20815 0.792897)
(1.90372 2.59384 0.330626)
(3.0968 2.63466 0.131787)
(1.91876 2.30437 0.270846)
(2.20935 3.83701 0.730091)
(2.15862 1.98323 0.31722)
(2.26298 1.67187 0.191752)
(1.84448 2.91894 0.850646)
(4.07667 0.726822 0.494893)
(3.77351 2.46279 0.724911)
(2.63085 3.09985 0.844016)
(2.64252 3.11065 0.285688)
(2.71411 3.06706 0.512313)
(2.18868 1.99474 0.0958511)
(3.30571 2.7397 0.555979)
(2.0337 1.37887 0.688846)
(1.76751 2.26311 0.860968)
(3.0861 1.89343 0.173891)
(3.13539 1.87492 0.803696)
(3.31313 3.04019 0.187214)
(1.98614 2.78522 0.113907)
(3.7207 3.23077 0.283543)
(2.00894 3.0699 0.144645)
(0.673871 1.84301 0.330331)
(2.75714 3.26947 0.860018)
(2.1788 3.23166 0.366016)
(3.09931 2.55114 0.901787)
(3.05014 1.7882 0.420938)
(2.31344 1.39439 0.788517)
(2.64888 1.25926 0.67678)
(1.04637 3.32581 0.713417)
(2.74608 1.62072 0.199908)
(3.01335 3.5067 0.775188)
(2.02266 3.15264 0.858881)
(1.79532 2.13709 0.516609)
(0.643453 0.804707 0.499077)
(3.01343 2.18538 0.124483)
(2.08038 2.93462 0.287484)
(1.84237 3.11614 0.854952)
(2.27819 1.93989 0.365722)
(1.07209 1.6238 0.268212)
(1.78817 1.93927 0.645817)
(3.46695 2.66142 0.825027)
(2.85998 2.98284 0.26434)
(2.26208 3.04397 0.600154)
(1.48137 3.63781 0.732061)
(1.14429 3.62117 0.705387)
(3.4098 2.08336 0.489451)
(3.19827 2.10231 0.142803)
(3.2927 1.14971 0.298907)
(3.34247 3.71237 0.274365)
(3.30243 3.77752 0.731066)
(2.03131 2.88692 0.485852)
(1.8442 2.88985 0.448831)
(2.92612 2.07771 0.617804)
(1.92651 2.36394 0.101898)
(3.01923 2.17594 0.325284)
(1.88703 1.97801 0.148344)
(2.69164 3.7333 0.268666)
(3.97156 3.43398 0.680838)
(2.06604 2.07951 0.270928)
(3.68287 3.9818 0.558008)
(2.33038 3.07152 0.732837)
(1.95003 2.73917 0.385323)
(1.69106 1.83437 0.428107)
(2.11298 2.07446 0.908614)
(2.21894 1.92261 0.888068)
(2.89668 0.44186 0.464601)
(2.17728 3.01821 0.440934)
(2.93521 2.90732 0.13833)
(3.6038 2.12035 0.798334)
(4.55366 1.04208 0.490666)
(2.36606 1.93812 0.0931707)
(1.68125 2.97262 0.236269)
(2.14238 3.28266 0.843417)
(2.89099 2.06237 0.857986)
(1.89017 2.51506 0.722549)
(0.583039 2.77841 0.582456)
(2.31423 3.05801 0.120385)
(1.64101 1.07859 0.260006)
(3.61742 1.29607 0.694625)
(3.01227 2.84148 0.307436)
(3.06208 3.18844 0.170697)
(1.85716 1.52339 0.573907)
(1.78097 2.77936 0.317855)
(0.79354 2.12176 0.702973)
(1.98816 2.83191 0.690155)
(1.56598 1.63232 0.249312)
(1.98708 2.83995 0.869771)
(2.57076 1.68169 0.124892)
(1.80135 3.35569 0.470794)
(2.55025 1.89045 0.709392)
(3.28592 2.16741 0.865506)
(3.36731 2.45422 0.466313)
(1.76142 3.09244 0.462819)
(2.84607 2.98835 0.897005)
(2.20883 1.98466 0.58493)
(2.64441 3.74674 0.698906)
(1.93505 3.69627 0.331146)
(3.89615 4.47132 0.508005)
(1.23173 2.1486 0.772209)
(3.15542 1.10925 0.712963)
(1.6245 2.72279 0.507714)
(1.90423 2.55328 0.56789)
(1.70395 2.17173 0.152639)
(3.69103 1.99892 0.229554)
(2.30369 3.07092 0.288264)
(2.92775 2.87287 0.583784)
(0.372546 1.72321 0.651285)
(2.101 2.93001 0.73412)
(2.95992 4.37944 0.534649)
(1.2057 2.7358 0.648517)
(3.4418 1.5609 0.458932)
(3.52881 1.66558 0.741935)
(3.78786 1.82417 0.729425)
(1.06388 3.16844 0.271011)
(2.58453 3.09901 0.550639)
(1.93828 2.32904 0.900005)
(1.9436 2.25697 0.106392)
(1.95113 1.61763 0.848894)
(1.96949 2.24458 0.646347)
(1.79483 2.76399 0.128963)
(1.67859 2.11137 0.680818)
(1.52116 2.18738 0.462248)
(2.58241 3.07535 0.0970492)
(2.73423 1.95066 0.146464)
(2.09527 1.08908 0.317151)
(2.80944 3.55018 0.480132)
(2.4136 3.31319 0.85777)
(2.99137 3.45432 0.206862)
(2.07565 2.08329 0.442375)
(1.84228 2.95323 0.114092)
(2.0391 1.10521 0.762834)
(1.39242 3.28937 0.794568)
(4.58094 4.32148 0.503829)
(3.07526 2.67337 0.884947)
(3.06069 2.36014 0.0880153)
(1.97011 2.21289 0.486168)
(2.95539 2.90271 0.858637)
(1.93585 2.31369 0.418478)
(1.74159 1.60772 0.80807)
(3.08303 2.68003 0.459994)
(2.58134 1.90578 0.322378)
(2.1056 2.93176 0.885136)
(1.90607 2.44085 0.197793)
(2.74136 1.93709 0.724428)
(1.02658 3.5271 0.27716)
(2.99858 2.16688 0.720557)
(1.98808 0.217377 0.773767)
(1.9275 4.77447 0.269246)
(2.71464 4.69612 0.331437)
(4.72498 1.62142 0.682767)
(4.64616 1.89544 0.316973)
(1.58137 0.293981 0.304592)
(1.13998 4.69901 0.333291)
(2.1418 2.89744 0.954289)
(2.11491 2.91351 0.0674293)
(2.90184 2.11126 0.9391)
(4.71763 2.66258 0.66986)
(2.28933 0.32002 0.324774)
(2.77691 2.9817 0.0532785)
(0.620365 0.260944 0.706492)
(4.80573 0.773175 0.765938)
(2.99474 2.25537 0.0573117)
(0.287197 3.2247 0.675583)
(0.315006 3.56556 0.32763)
(0.325498 1.21491 0.343775)
(2.98985 4.75195 0.694248)
(2.42452 1.96492 0.0346968)
(4.21776 0.277436 0.322341)
(2.86665 2.09681 0.0391939)
(2.96547 2.78574 0.935668)
(4.73845 4.64962 0.648545)
(2.4507 1.95082 0.95546)
(0.729283 4.74019 0.677794)
(2.1099 2.08818 0.0660718)
(2.98982 2.22958 0.940755)
(4.7113 3.90599 0.337662)
(0.259014 0.792207 0.678478)
(3.25346 4.68444 0.315982)
(4.71592 2.87031 0.321994)
(2.32189 3.0243 0.949911)
(2.01222 2.73089 0.0398022)
(1.94946 2.41914 0.943358)
(2.51096 3.05634 0.0564711)
(1.97203 2.42795 0.0333992)
(0.352852 4.255 0.629721)
(3.02654 2.46299 0.0281804)
(2.4172 3.05782 0.931398)
(2.32258 1.97448 0.951659)
(3.05065 2.44018 0.93617)
(1.96233 2.52864 0.0389247)
(3.03745 2.61618 0.948333)
(2.4136 3.05735 0.0658787)
(2.00756 2.26861 0.927411)
(4.34529 4.68632 0.693816)
(1.95952 2.61187 0.940721)
(3.05719 2.54302 0.0528074)
(2.22849 2.98464 0.0583534)
(4.84584 4.83534 0.18745)
(2.51658 1.94259 0.0649043)
(3.02761 2.71798 0.0737115)
(1.9793 2.72031 0.914271)
(0.172802 4.84123 0.153538)
(2.72125 1.99243 0.930049)
(2.68282 3.04379 0.943934)
(4.81481 0.181379 0.169552)
(0.153646 0.159366 0.17435)
(2.00911 2.27051 0.0578127)
(2.71984 1.9904 0.0607525)
(4.80647 0.19313 0.803549)
(0.167414 0.15535 0.833018)
(0.176442 4.84016 0.823692)
(2.54135 1.95883 0.941839)
(2.28678 1.99649 0.0433629)
(1.94427 2.65504 0.072314)
(1.59195 0.287039 0.693272)
(2.6367 4.67091 0.715606)
(2.80103 2.02845 0.930696)
(4.69034 2.13442 0.683013)
(2.20767 2.96814 0.95728)
(1.19896 4.66959 0.71224)
(2.05246 2.81661 0.0489635)
(2.36234 0.274302 0.645525)
(1.93583 0.211031 0.24643)
(2.86099 2.93569 0.0676305)
(4.70242 0.399249 0.52528)
(2.92348 2.18943 0.0298953)
(0.725773 0.31394 0.304754)
(2.69502 3.02805 0.0656471)
(2.06329 2.8412 0.939438)
(3.86006 0.342699 0.678183)
(1.95769 2.52492 0.940811)
(4.64045 4.67183 0.347253)
(2.03367 2.20075 0.0575891)
(4.74996 3.98837 0.673081)
(3.4179 4.70843 0.649597)
(2.33573 3.01758 0.0451252)
(2.21861 2.01904 0.938445)
(4.76144 4.79051 0.852423)
(2.04548 2.18531 0.93082)
(0.248972 0.603296 0.295782)
(0.757683 4.74775 0.253519)
(1.98744 2.34412 0.0489224)
(4.275 4.67718 0.310476)
(2.62805 1.96424 0.958698)
(3.02318 2.35062 0.934019)
(0.380851 1.25726 0.704977)
(2.91222 2.86417 0.941258)
(2.20797 2.03791 0.0386044)
(2.59949 3.04133 0.946676)
(2.36022 1.98677 0.0371367)
(0.149324 4.88944 0.571388)
(4.87852 0.136974 0.364843)
(4.86711 4.8734 0.670498)
(2.79499 2.01892 0.0605778)
(2.97921 2.81812 0.0728791)
(2.52718 3.05967 0.930037)
(0.259751 0.340413 0.635942)
(0.25562 1.77697 0.292954)
(4.80579 0.681336 0.241581)
(0.355963 0.280185 0.353268)
(4.319 0.257466 0.702711)
(4.70519 3.57685 0.681925)
(3.2609 0.308858 0.695695)
(0.293058 4.11263 0.312665)
(0.265225 4.62539 0.5877)
(0.288734 3.08132 0.287749)
(3.04047 2.61411 0.0457738)
(3.01451 2.72189 0.930583)
(2.61715 1.94283 0.0768711)
(1.98651 2.34436 0.960494)
(2.55511 3.02573 0.969635)
(4.85943 4.85552 0.445441)
(0.128499 4.8596 0.351535)
(3.63946 0.321814 0.271147)
(4.70268 3.39641 0.339363)
(0.303894 3.71718 0.682502)
(4.74345 2.3923 0.338859)
(0.399688 4.79893 0.337418)
(4.7023 3.13264 0.692684)
(0.131135 0.134937 0.450562)
(0.106909 0.141563 0.627998)
(0.153148 4.59443 0.258889)
(4.86891 0.121009 0.565563)
)


// ************************************************************************* //
