/*--------------------------------*- C++ -*----------------------------------*\
| =========                 |                                                 |
| \\      /  F ield         | OpenFOAM: The Open Source CFD Toolbox           |
|  \\    /   O peration     | Version:  4.1                                   |
|   \\  /    A nd           | Web:      www.OpenFOAM.org                      |
|    \\/     M anipulation  |                                                 |
\*---------------------------------------------------------------------------*/
FoamFile
{
    version     2.0;
    format      ascii;
    class       faceList;
    location    "constant/polyMesh";
    object      faces;
}
// * * * * * * * * * * * * * * * * * * * * * * * * * * * * * * * * * * * * * //


1540
(
3(360 399 433)
4(112 360 433 185)
4(112 151 399 360)
4(151 185 433 399)
4(360 254 327 433)
4(360 399 293 254)
4(399 433 327 293)
3(199 81 381)
4(2 133 381 81)
4(17 199 381 133)
4(81 381 275 5)
4(199 53 275 381)
3(208 82 383)
4(1 135 383 82)
4(26 208 383 135)
4(82 383 277 6)
4(208 62 277 383)
3(190 80 382)
4(3 134 382 80)
4(8 190 382 134)
4(80 382 276 4)
4(190 44 276 382)
3(217 83 384)
4(0 136 384 83)
4(35 217 384 136)
4(83 384 278 7)
4(217 71 278 384)
3(381 81 198)
4(133 381 198 16)
4(381 275 52 198)
3(383 82 207)
4(135 383 207 25)
4(383 277 61 207)
3(382 80 225)
4(134 382 225 43)
4(382 276 79 225)
3(384 83 216)
4(136 384 216 34)
4(384 278 70 216)
3(356 360 433)
4(108 356 433 185)
4(108 112 360 356)
4(356 250 327 433)
4(356 360 254 250)
3(378 357 421)
4(130 378 421 173)
4(109 173 421 357)
4(130 109 357 378)
4(378 272 315 421)
4(357 421 315 251)
4(378 357 251 272)
3(377 358 422)
4(129 377 422 174)
4(110 174 422 358)
4(129 110 358 377)
4(377 271 316 422)
4(358 422 316 252)
4(377 358 252 271)
3(380 359 423)
4(132 380 423 175)
4(111 175 423 359)
4(132 111 359 380)
4(380 274 317 423)
4(359 423 317 253)
4(380 359 253 274)
3(379 360 424)
4(131 379 424 176)
4(112 176 424 360)
4(131 112 360 379)
4(379 273 318 424)
4(360 424 318 254)
4(379 360 254 273)
3(398 354 400)
4(150 106 354 398)
4(150 398 400 152)
4(106 152 400 354)
4(398 354 248 292)
4(398 292 294 400)
4(354 400 294 248)
3(399 355 397)
4(107 149 397 355)
4(151 399 397 149)
4(151 107 355 399)
4(355 397 291 249)
4(399 293 291 397)
4(399 355 249 293)
3(357 354 398)
4(109 106 354 357)
4(109 357 398 150)
4(357 354 248 251)
4(357 251 292 398)
3(397 355 358)
4(107 110 358 355)
4(149 397 358 110)
4(355 358 252 249)
4(397 291 252 358)
3(378 421 337)
4(130 378 337 89)
4(173 89 337 421)
4(378 272 231 337)
4(421 337 231 315)
3(377 422 338)
4(129 377 338 90)
4(174 90 338 422)
4(377 271 232 338)
4(422 338 232 316)
3(380 423 339)
4(132 380 339 91)
4(175 91 339 423)
4(380 274 233 339)
4(423 339 233 317)
3(379 424 340)
4(131 379 340 92)
4(176 92 340 424)
4(379 273 234 340)
4(424 340 234 318)
3(359 356 433)
4(111 108 356 359)
4(111 359 433 185)
4(359 356 250 253)
4(359 253 327 433)
3(222 221 361)
4(40 222 361 113)
4(39 113 361 221)
4(222 76 255 361)
4(221 361 255 75)
3(195 194 363)
4(13 195 363 115)
4(12 115 363 194)
4(195 49 257 363)
4(194 363 257 48)
3(213 212 362)
4(31 213 362 114)
4(30 114 362 212)
4(213 67 256 362)
4(212 362 256 66)
3(204 203 364)
4(22 204 364 116)
4(21 116 364 203)
4(204 58 258 364)
4(203 364 258 57)
3(409 222 361)
4(161 409 361 113)
4(161 40 222 409)
4(409 303 255 361)
4(409 222 76 303)
3(410 195 363)
4(162 410 363 115)
4(162 13 195 410)
4(410 304 257 363)
4(410 195 49 304)
3(411 213 362)
4(163 411 362 114)
4(163 31 213 411)
4(411 305 256 362)
4(411 213 67 305)
3(412 204 364)
4(164 412 364 116)
4(164 22 204 412)
4(412 306 258 364)
4(412 204 58 306)
3(358 355 422)
4(107 174 422 355)
4(355 422 316 249)
3(360 356 424)
4(108 176 424 356)
4(356 424 318 250)
3(402 354 357)
4(154 106 354 402)
4(154 402 357 109)
4(402 354 248 296)
4(402 296 251 357)
3(404 356 359)
4(156 108 356 404)
4(156 404 359 111)
4(404 356 250 298)
4(404 298 253 359)
3(400 359 433)
4(152 111 359 400)
4(152 400 433 185)
4(400 359 253 294)
4(400 294 327 433)
3(397 332 399)
4(149 84 332 397)
4(84 151 399 332)
4(397 332 226 291)
4(332 399 293 226)
3(400 332 398)
4(84 150 398 332)
4(152 84 332 400)
4(332 398 292 226)
4(400 332 226 294)
3(361 349 409)
4(113 101 349 361)
4(101 161 409 349)
4(361 349 243 255)
4(349 409 303 243)
3(363 351 410)
4(115 103 351 363)
4(103 162 410 351)
4(363 351 245 257)
4(351 410 304 245)
3(362 350 411)
4(114 102 350 362)
4(102 163 411 350)
4(362 350 244 256)
4(350 411 305 244)
3(364 352 412)
4(116 104 352 364)
4(104 164 412 352)
4(364 352 246 258)
4(352 412 306 246)
3(201 200 367)
4(18 119 367 200)
4(19 201 367 119)
4(200 367 261 54)
4(201 55 261 367)
3(210 209 368)
4(27 120 368 209)
4(28 210 368 120)
4(209 368 262 63)
4(210 64 262 368)
3(192 191 365)
4(9 117 365 191)
4(10 192 365 117)
4(191 365 259 45)
4(192 46 259 365)
3(219 218 366)
4(36 118 366 218)
4(37 219 366 118)
4(218 366 260 72)
4(219 73 260 366)
3(224 223 369)
4(42 224 369 121)
4(41 121 369 223)
4(224 78 263 369)
4(223 369 263 77)
3(197 196 371)
4(15 197 371 123)
4(14 123 371 196)
4(197 51 265 371)
4(196 371 265 50)
3(215 214 370)
4(33 215 370 122)
4(32 122 370 214)
4(215 69 264 370)
4(214 370 264 68)
3(206 205 372)
4(24 206 372 124)
4(23 124 372 205)
4(206 60 266 372)
4(205 372 266 59)
3(378 345 394)
4(130 378 394 146)
4(97 146 394 345)
4(130 97 345 378)
4(378 272 288 394)
4(345 394 288 239)
4(378 345 239 272)
3(377 346 393)
4(129 377 393 145)
4(98 145 393 346)
4(129 98 346 377)
4(377 271 287 393)
4(346 393 287 240)
4(377 346 240 271)
3(380 347 396)
4(132 380 396 148)
4(99 148 396 347)
4(132 99 347 380)
4(380 274 290 396)
4(347 396 290 241)
4(380 347 241 274)
3(379 348 395)
4(131 379 395 147)
4(100 147 395 348)
4(131 100 348 379)
4(379 273 289 395)
4(348 395 289 242)
4(379 348 242 273)
3(394 334 378)
4(86 130 378 334)
4(146 86 334 394)
4(334 378 272 228)
4(394 334 228 288)
3(393 333 377)
4(85 129 377 333)
4(145 85 333 393)
4(333 377 271 227)
4(393 333 227 287)
3(396 336 380)
4(88 132 380 336)
4(148 88 336 396)
4(336 380 274 230)
4(396 336 230 290)
3(395 335 379)
4(87 131 379 335)
4(147 87 335 395)
4(335 379 273 229)
4(395 335 229 289)
3(361 221 385)
4(39 137 385 221)
4(113 361 385 137)
4(221 385 279 75)
4(361 255 279 385)
3(363 194 386)
4(12 138 386 194)
4(115 363 386 138)
4(194 386 280 48)
4(363 257 280 386)
3(362 212 387)
4(30 139 387 212)
4(114 362 387 139)
4(212 387 281 66)
4(362 256 281 387)
3(364 203 388)
4(21 140 388 203)
4(116 364 388 140)
4(203 388 282 57)
4(364 258 282 388)
3(369 349 389)
4(121 369 389 141)
4(121 101 349 369)
4(101 141 389 349)
4(369 263 283 389)
4(369 349 243 263)
4(349 389 283 243)
3(370 350 390)
4(122 370 390 142)
4(122 102 350 370)
4(102 142 390 350)
4(370 264 284 390)
4(370 350 244 264)
4(350 390 284 244)
3(371 351 391)
4(123 371 391 143)
4(123 103 351 371)
4(103 143 391 351)
4(371 265 285 391)
4(371 351 245 265)
4(351 391 285 245)
3(372 352 392)
4(124 372 392 144)
4(124 104 352 372)
4(104 144 392 352)
4(372 266 286 392)
4(372 352 246 266)
4(352 392 286 246)
3(425 337 361)
4(177 89 337 425)
4(177 425 361 113)
4(89 113 361 337)
4(425 337 231 319)
4(425 319 255 361)
4(337 361 255 231)
3(426 338 363)
4(178 90 338 426)
4(178 426 363 115)
4(90 115 363 338)
4(426 338 232 320)
4(426 320 257 363)
4(338 363 257 232)
3(427 339 362)
4(179 91 339 427)
4(179 427 362 114)
4(91 114 362 339)
4(427 339 233 321)
4(427 321 256 362)
4(339 362 256 233)
3(428 340 364)
4(180 92 340 428)
4(180 428 364 116)
4(92 116 364 340)
4(428 340 234 322)
4(428 322 258 364)
4(340 364 258 234)
3(374 354 402)
4(126 374 402 154)
4(126 106 354 374)
4(374 268 296 402)
4(374 354 248 268)
3(373 353 401)
4(125 373 401 153)
4(105 153 401 353)
4(125 105 353 373)
4(373 267 295 401)
4(353 401 295 247)
4(373 353 247 267)
3(376 356 404)
4(128 376 404 156)
4(128 108 356 376)
4(376 270 298 404)
4(376 356 250 270)
3(375 355 403)
4(127 375 403 155)
4(107 155 403 355)
4(127 107 355 375)
4(375 269 297 403)
4(355 403 297 249)
4(375 355 249 269)
3(365 341 393)
4(117 365 393 145)
4(93 145 393 341)
4(117 93 341 365)
4(365 259 287 393)
4(341 393 287 235)
4(365 341 235 259)
3(366 342 394)
4(118 366 394 146)
4(94 146 394 342)
4(118 94 342 366)
4(366 260 288 394)
4(342 394 288 236)
4(366 342 236 260)
3(367 343 395)
4(119 367 395 147)
4(95 147 395 343)
4(119 95 343 367)
4(367 261 289 395)
4(343 395 289 237)
4(367 343 237 261)
3(368 344 396)
4(120 368 396 148)
4(96 148 396 344)
4(120 96 344 368)
4(368 262 290 396)
4(344 396 290 238)
4(368 344 238 262)
3(401 333 373)
4(153 85 333 401)
4(85 125 373 333)
4(401 333 227 295)
4(333 373 267 227)
3(402 334 374)
4(154 86 334 402)
4(86 126 374 334)
4(402 334 228 296)
4(334 374 268 228)
3(403 335 375)
4(155 87 335 403)
4(87 127 375 335)
4(403 335 229 297)
4(335 375 269 229)
3(404 336 376)
4(156 88 336 404)
4(88 128 376 336)
4(404 336 230 298)
4(336 376 270 230)
3(401 353 397)
4(153 401 397 149)
4(105 149 397 353)
4(401 295 291 397)
4(353 397 291 247)
3(403 355 399)
4(155 403 399 151)
4(403 297 293 399)
3(397 358 401)
4(110 153 401 358)
4(358 401 295 252)
3(399 360 403)
4(112 155 403 360)
4(360 403 297 254)
3(194 193 386)
4(11 138 386 193)
4(193 386 280 47)
3(221 220 385)
4(38 137 385 220)
4(220 385 279 74)
3(212 211 387)
4(29 139 387 211)
4(211 387 281 65)
3(203 202 388)
4(20 140 388 202)
4(202 388 282 56)
3(378 337 425)
4(130 378 425 177)
4(378 272 319 425)
3(377 338 426)
4(129 377 426 178)
4(377 271 320 426)
3(380 339 427)
4(132 380 427 179)
4(380 274 321 427)
3(379 340 428)
4(131 379 428 180)
4(379 273 322 428)
3(367 200 415)
4(18 167 415 200)
4(119 367 415 167)
4(200 415 309 54)
4(367 261 309 415)
3(368 209 416)
4(27 168 416 209)
4(120 368 416 168)
4(209 416 310 63)
4(368 262 310 416)
3(365 191 413)
4(9 165 413 191)
4(117 365 413 165)
4(191 413 307 45)
4(365 259 307 413)
3(366 218 414)
4(36 166 414 218)
4(118 366 414 166)
4(218 414 308 72)
4(366 260 308 414)
3(418 224 369)
4(170 42 224 418)
4(170 418 369 121)
4(418 224 78 312)
4(418 312 263 369)
3(417 197 371)
4(169 15 197 417)
4(169 417 371 123)
4(417 197 51 311)
4(417 311 265 371)
3(420 215 370)
4(172 33 215 420)
4(172 420 370 122)
4(420 215 69 314)
4(420 314 264 370)
3(419 206 372)
4(171 24 206 419)
4(171 419 372 124)
4(419 206 60 313)
4(419 313 266 372)
3(394 345 366)
4(97 118 366 345)
4(345 366 260 239)
3(393 346 365)
4(98 117 365 346)
4(346 365 259 240)
3(396 347 368)
4(99 120 368 347)
4(347 368 262 241)
3(395 348 367)
4(100 119 367 348)
4(348 367 261 242)
3(389 341 369)
4(141 93 341 389)
4(93 121 369 341)
4(389 341 235 283)
4(341 369 263 235)
3(390 342 370)
4(142 94 342 390)
4(94 122 370 342)
4(390 342 236 284)
4(342 370 264 236)
3(391 343 371)
4(143 95 343 391)
4(95 123 371 343)
4(391 343 237 285)
4(343 371 265 237)
3(392 344 372)
4(144 96 344 392)
4(96 124 372 344)
4(392 344 238 286)
4(344 372 266 238)
3(200 199 415)
4(17 167 415 199)
4(199 415 309 53)
3(209 208 416)
4(26 168 416 208)
4(208 416 310 62)
3(191 190 413)
4(8 165 413 190)
4(190 413 307 44)
3(218 217 414)
4(35 166 414 217)
4(217 414 308 71)
3(198 197 417)
4(16 198 417 169)
4(198 52 311 417)
3(225 224 418)
4(43 225 418 170)
4(225 79 312 418)
3(207 206 419)
4(25 207 419 171)
4(207 61 313 419)
3(216 215 420)
4(34 216 420 172)
4(216 70 314 420)
3(425 361 385)
4(177 425 385 137)
4(425 319 279 385)
3(426 363 386)
4(178 426 386 138)
4(426 320 280 386)
3(427 362 387)
4(179 427 387 139)
4(427 321 281 387)
3(428 364 388)
4(180 428 388 140)
4(428 322 282 388)
3(415 199 381)
4(167 415 381 133)
4(415 309 275 381)
3(416 208 383)
4(168 416 383 135)
4(416 310 277 383)
3(413 190 382)
4(165 413 382 134)
4(413 307 276 382)
3(414 217 384)
4(166 414 384 136)
4(414 308 278 384)
3(381 198 417)
4(133 381 417 169)
4(381 275 311 417)
3(382 225 418)
4(134 382 418 170)
4(382 276 312 418)
3(383 207 419)
4(135 383 419 171)
4(383 277 313 419)
3(384 216 420)
4(136 384 420 172)
4(384 278 314 420)
3(393 341 389)
4(145 393 389 141)
4(393 287 283 389)
3(394 342 390)
4(146 394 390 142)
4(394 288 284 390)
3(395 343 391)
4(147 395 391 143)
4(395 289 285 391)
3(396 344 392)
4(148 396 392 144)
4(396 290 286 392)
3(423 354 374)
4(175 423 374 126)
4(175 106 354 423)
4(423 317 268 374)
4(423 354 248 317)
3(421 353 373)
4(173 421 373 125)
4(173 105 353 421)
4(421 315 267 373)
4(421 353 247 315)
3(424 356 376)
4(176 424 376 128)
4(424 318 270 376)
3(422 355 375)
4(174 422 375 127)
4(422 316 269 375)
3(361 337 429)
4(113 361 429 181)
4(89 181 429 337)
4(361 255 323 429)
4(337 429 323 231)
3(362 339 431)
4(114 362 431 183)
4(91 183 431 339)
4(362 256 325 431)
4(339 431 325 233)
3(363 338 430)
4(115 363 430 182)
4(90 182 430 338)
4(363 257 324 430)
4(338 430 324 232)
3(364 340 432)
4(116 364 432 184)
4(92 184 432 340)
4(364 258 326 432)
4(340 432 326 234)
3(429 349 361)
4(181 101 349 429)
4(429 349 243 323)
3(431 350 362)
4(183 102 350 431)
4(431 350 244 325)
3(430 351 363)
4(182 103 351 430)
4(430 351 245 324)
3(432 352 364)
4(184 104 352 432)
4(432 352 246 326)
3(411 350 370)
4(163 411 370 122)
4(411 305 264 370)
3(409 349 369)
4(161 409 369 121)
4(409 303 263 369)
3(412 352 372)
4(164 412 372 124)
4(412 306 266 372)
3(410 351 371)
4(162 410 371 123)
4(410 304 265 371)
3(370 214 411)
4(32 163 411 214)
4(214 411 305 68)
3(369 223 409)
4(41 161 409 223)
4(223 409 303 77)
3(372 205 412)
4(23 164 412 205)
4(205 412 306 59)
3(371 196 410)
4(14 162 410 196)
4(196 410 304 50)
3(405 192 365)
4(157 405 365 117)
4(157 10 192 405)
4(405 299 259 365)
4(405 192 46 299)
3(406 219 366)
4(158 406 366 118)
4(158 37 219 406)
4(406 300 260 366)
4(406 219 73 300)
3(365 346 405)
4(98 157 405 346)
4(346 405 299 240)
3(366 345 406)
4(97 158 406 345)
4(345 406 300 239)
3(408 210 368)
4(160 408 368 120)
4(160 28 210 408)
4(408 302 262 368)
4(408 210 64 302)
3(407 201 367)
4(159 407 367 119)
4(159 19 201 407)
4(407 301 261 367)
4(407 201 55 301)
3(367 348 407)
4(100 159 407 348)
4(348 407 301 242)
3(368 347 408)
4(99 160 408 347)
4(347 408 302 241)
3(373 337 421)
4(125 89 337 373)
4(373 337 231 267)
3(375 338 422)
4(127 90 338 375)
4(375 338 232 269)
3(374 339 423)
4(126 91 339 374)
4(374 339 233 268)
3(376 340 424)
4(128 92 340 376)
4(376 340 234 270)
3(398 353 421)
4(150 398 421 173)
4(150 105 353 398)
4(398 292 315 421)
4(398 353 247 292)
3(400 354 423)
4(152 400 423 175)
4(400 294 317 423)
3(421 357 398)
3(423 359 400)
3(413 341 365)
4(165 93 341 413)
4(413 341 235 307)
3(414 342 366)
4(166 94 342 414)
4(414 342 236 308)
3(415 343 367)
4(167 95 343 415)
4(415 343 237 309)
3(416 344 368)
4(168 96 344 416)
4(416 344 238 310)
3(369 341 418)
4(93 170 418 341)
4(341 418 312 235)
3(370 342 420)
4(94 172 420 342)
4(342 420 314 236)
3(371 343 417)
4(95 169 417 343)
4(343 417 311 237)
3(372 344 419)
4(96 171 419 344)
4(344 419 313 238)
3(401 358 377)
4(153 401 377 129)
4(401 295 271 377)
3(402 357 378)
4(154 402 378 130)
4(402 296 272 378)
3(403 360 379)
4(155 403 379 131)
4(403 297 273 379)
3(404 359 380)
4(156 404 380 132)
4(404 298 274 380)
3(377 333 401)
3(378 334 402)
3(379 335 403)
3(380 336 404)
3(389 333 393)
4(141 85 333 389)
4(389 333 227 283)
3(390 334 394)
4(142 86 334 390)
4(390 334 228 284)
3(391 335 395)
4(143 87 335 391)
4(391 335 229 285)
3(392 336 396)
4(144 88 336 392)
4(392 336 230 286)
3(429 337 373)
4(181 429 373 125)
4(429 323 267 373)
3(430 338 375)
4(182 430 375 127)
4(430 324 269 375)
3(431 339 374)
4(183 431 374 126)
4(431 325 268 374)
3(432 340 376)
4(184 432 376 128)
4(432 326 270 376)
3(373 333 434)
4(125 373 434 186)
4(85 186 434 333)
4(373 267 328 434)
4(333 434 328 227)
3(374 334 435)
4(126 374 435 187)
4(86 187 435 334)
4(374 268 329 435)
4(334 435 329 228)
3(375 335 436)
4(127 375 436 188)
4(87 188 436 335)
4(375 269 330 436)
4(335 436 330 229)
3(376 336 437)
4(128 376 437 189)
4(88 189 437 336)
4(376 270 331 437)
4(336 437 331 230)
3(389 349 434)
4(101 186 434 349)
4(141 389 434 186)
4(349 434 328 243)
4(389 283 328 434)
3(390 350 435)
4(102 187 435 350)
4(142 390 435 187)
4(350 435 329 244)
4(390 284 329 435)
3(391 351 436)
4(103 188 436 351)
4(143 391 436 188)
4(351 436 330 245)
4(391 285 330 436)
3(392 352 437)
4(104 189 437 352)
4(144 392 437 189)
4(352 437 331 246)
4(392 286 331 437)
3(425 345 378)
4(177 97 345 425)
4(425 345 239 319)
3(426 346 377)
4(178 98 346 426)
4(426 346 240 320)
3(427 347 380)
4(179 99 347 427)
4(427 347 241 321)
3(428 348 379)
4(180 100 348 428)
4(428 348 242 322)
3(429 373 434)
4(181 429 434 186)
4(429 323 328 434)
3(431 374 435)
4(183 431 435 187)
4(431 325 329 435)
3(430 375 436)
4(182 430 436 188)
4(430 324 330 436)
3(432 376 437)
4(184 432 437 189)
4(432 326 331 437)
3(382 341 413)
4(134 93 341 382)
4(382 341 235 276)
3(384 342 414)
4(136 94 342 384)
4(384 342 236 278)
3(381 343 415)
4(133 95 343 381)
4(381 343 237 275)
3(383 344 416)
4(135 96 344 383)
4(383 344 238 277)
3(418 341 382)
3(417 343 381)
3(420 342 384)
3(419 344 383)
3(434 349 429)
3(435 350 431)
3(436 351 430)
3(437 352 432)
3(398 332 397)
4(150 398 397 149)
4(398 292 291 397)
3(397 353 398)
3(386 193 405)
4(138 386 405 157)
4(11 157 405 193)
4(386 280 299 405)
4(193 405 299 47)
3(385 220 406)
4(137 385 406 158)
4(38 158 406 220)
4(385 279 300 406)
4(220 406 300 74)
3(387 211 408)
4(139 387 408 160)
4(29 160 408 211)
4(387 281 302 408)
4(211 408 302 65)
3(388 202 407)
4(140 388 407 159)
4(20 159 407 202)
4(388 282 301 407)
4(202 407 301 56)
3(407 348 388)
4(100 140 388 348)
4(348 388 282 242)
3(408 347 387)
4(99 139 387 347)
4(347 387 281 241)
3(405 346 386)
4(98 138 386 346)
4(346 386 280 240)
3(406 345 385)
4(97 137 385 345)
4(345 385 279 239)
3(193 192 405)
3(220 219 406)
3(211 210 408)
3(202 201 407)
3(223 222 409)
3(196 195 410)
3(214 213 411)
3(205 204 412)
3(385 345 425)
3(386 346 426)
3(387 347 427)
3(388 348 428)
3(434 333 389)
3(435 334 390)
3(436 335 391)
3(437 336 392)
3(399 332 433)
4(84 185 433 332)
4(332 433 327 226)
3(433 332 400)
3(112 185 151)
3(254 293 327)
3(17 133 2)
3(53 5 275)
3(26 135 1)
3(62 6 277)
3(8 134 3)
3(44 4 276)
3(35 136 0)
3(71 7 278)
3(133 16 2)
3(275 5 52)
3(135 25 1)
3(277 6 61)
3(134 43 3)
3(276 4 79)
3(136 34 0)
3(278 7 70)
3(108 185 112)
3(250 254 327)
3(130 173 109)
3(272 251 315)
3(129 174 110)
3(271 252 316)
3(132 175 111)
3(274 253 317)
3(131 176 112)
3(273 254 318)
3(150 152 106)
3(292 248 294)
3(151 149 107)
3(293 249 291)
3(109 150 106)
3(251 248 292)
3(149 110 107)
3(291 249 252)
3(130 89 173)
3(272 315 231)
3(129 90 174)
3(271 316 232)
3(132 91 175)
3(274 317 233)
3(131 92 176)
3(273 318 234)
3(111 185 108)
3(253 250 327)
3(40 113 39)
3(76 75 255)
3(13 115 12)
3(49 48 257)
3(31 114 30)
3(67 66 256)
3(22 116 21)
3(58 57 258)
3(161 113 40)
3(303 76 255)
3(162 115 13)
3(304 49 257)
3(163 114 31)
3(305 67 256)
3(164 116 22)
3(306 58 258)
3(110 174 107)
3(252 249 316)
3(112 176 108)
3(254 250 318)
3(154 109 106)
3(296 248 251)
3(156 111 108)
3(298 250 253)
3(152 185 111)
3(294 253 327)
3(149 151 84)
3(291 226 293)
3(152 150 84)
3(294 226 292)
3(113 161 101)
3(255 243 303)
3(115 162 103)
3(257 245 304)
3(114 163 102)
3(256 244 305)
3(116 164 104)
3(258 246 306)
3(19 119 18)
3(55 54 261)
3(28 120 27)
3(64 63 262)
3(10 117 9)
3(46 45 259)
3(37 118 36)
3(73 72 260)
3(42 121 41)
3(78 77 263)
3(15 123 14)
3(51 50 265)
3(33 122 32)
3(69 68 264)
3(24 124 23)
3(60 59 266)
3(130 146 97)
3(272 239 288)
3(129 145 98)
3(271 240 287)
3(132 148 99)
3(274 241 290)
3(131 147 100)
3(273 242 289)
3(146 130 86)
3(288 228 272)
3(145 129 85)
3(287 227 271)
3(148 132 88)
3(290 230 274)
3(147 131 87)
3(289 229 273)
3(113 137 39)
3(255 75 279)
3(115 138 12)
3(257 48 280)
3(114 139 30)
3(256 66 281)
3(116 140 21)
3(258 57 282)
3(121 141 101)
3(263 243 283)
3(122 142 102)
3(264 244 284)
3(123 143 103)
3(265 245 285)
3(124 144 104)
3(266 246 286)
3(177 113 89)
3(319 231 255)
3(178 115 90)
3(320 232 257)
3(179 114 91)
3(321 233 256)
3(180 116 92)
3(322 234 258)
3(126 154 106)
3(268 248 296)
3(125 153 105)
3(267 247 295)
3(128 156 108)
3(270 250 298)
3(127 155 107)
3(269 249 297)
3(117 145 93)
3(259 235 287)
3(118 146 94)
3(260 236 288)
3(119 147 95)
3(261 237 289)
3(120 148 96)
3(262 238 290)
3(153 125 85)
3(295 227 267)
3(154 126 86)
3(296 228 268)
3(155 127 87)
3(297 229 269)
3(156 128 88)
3(298 230 270)
3(153 149 105)
3(295 247 291)
3(155 151 107)
3(297 249 293)
3(149 153 110)
3(291 252 295)
3(151 155 112)
3(293 254 297)
3(12 138 11)
3(48 47 280)
3(39 137 38)
3(75 74 279)
3(30 139 29)
3(66 65 281)
3(21 140 20)
3(57 56 282)
3(130 177 89)
3(272 231 319)
3(129 178 90)
3(271 232 320)
3(132 179 91)
3(274 233 321)
3(131 180 92)
3(273 234 322)
3(119 167 18)
3(261 54 309)
3(120 168 27)
3(262 63 310)
3(117 165 9)
3(259 45 307)
3(118 166 36)
3(260 72 308)
3(170 121 42)
3(312 78 263)
3(169 123 15)
3(311 51 265)
3(172 122 33)
3(314 69 264)
3(171 124 24)
3(313 60 266)
3(146 118 97)
3(288 239 260)
3(145 117 98)
3(287 240 259)
3(148 120 99)
3(290 241 262)
3(147 119 100)
3(289 242 261)
3(141 121 93)
3(283 235 263)
3(142 122 94)
3(284 236 264)
3(143 123 95)
3(285 237 265)
3(144 124 96)
3(286 238 266)
3(18 167 17)
3(54 53 309)
3(27 168 26)
3(63 62 310)
3(9 165 8)
3(45 44 307)
3(36 166 35)
3(72 71 308)
3(16 169 15)
3(52 51 311)
3(43 170 42)
3(79 78 312)
3(25 171 24)
3(61 60 313)
3(34 172 33)
3(70 69 314)
3(177 137 113)
3(319 255 279)
3(178 138 115)
3(320 257 280)
3(179 139 114)
3(321 256 281)
3(180 140 116)
3(322 258 282)
3(167 133 17)
3(309 53 275)
3(168 135 26)
3(310 62 277)
3(165 134 8)
3(307 44 276)
3(166 136 35)
3(308 71 278)
3(133 169 16)
3(275 52 311)
3(134 170 43)
3(276 79 312)
3(135 171 25)
3(277 61 313)
3(136 172 34)
3(278 70 314)
3(145 141 93)
3(287 235 283)
3(146 142 94)
3(288 236 284)
3(147 143 95)
3(289 237 285)
3(148 144 96)
3(290 238 286)
3(175 126 106)
3(317 248 268)
3(173 125 105)
3(315 247 267)
3(176 128 108)
3(318 250 270)
3(174 127 107)
3(316 249 269)
3(113 181 89)
3(255 231 323)
3(114 183 91)
3(256 233 325)
3(115 182 90)
3(257 232 324)
3(116 184 92)
3(258 234 326)
3(181 113 101)
3(323 243 255)
3(183 114 102)
3(325 244 256)
3(182 115 103)
3(324 245 257)
3(184 116 104)
3(326 246 258)
3(163 122 102)
3(305 244 264)
3(161 121 101)
3(303 243 263)
3(164 124 104)
3(306 246 266)
3(162 123 103)
3(304 245 265)
3(122 163 32)
3(264 68 305)
3(121 161 41)
3(263 77 303)
3(124 164 23)
3(266 59 306)
3(123 162 14)
3(265 50 304)
3(157 117 10)
3(299 46 259)
3(158 118 37)
3(300 73 260)
3(117 157 98)
3(259 240 299)
3(118 158 97)
3(260 239 300)
3(160 120 28)
3(302 64 262)
3(159 119 19)
3(301 55 261)
3(119 159 100)
3(261 242 301)
3(120 160 99)
3(262 241 302)
3(125 173 89)
3(267 231 315)
3(127 174 90)
3(269 232 316)
3(126 175 91)
3(268 233 317)
3(128 176 92)
3(270 234 318)
3(150 173 105)
3(292 247 315)
3(152 175 106)
3(294 248 317)
3(173 150 109)
3(315 251 292)
3(175 152 111)
3(317 253 294)
3(165 117 93)
3(307 235 259)
3(166 118 94)
3(308 236 260)
3(167 119 95)
3(309 237 261)
3(168 120 96)
3(310 238 262)
3(121 170 93)
3(263 235 312)
3(122 172 94)
3(264 236 314)
3(123 169 95)
3(265 237 311)
3(124 171 96)
3(266 238 313)
3(153 129 110)
3(295 252 271)
3(154 130 109)
3(296 251 272)
3(155 131 112)
3(297 254 273)
3(156 132 111)
3(298 253 274)
3(129 153 85)
3(271 227 295)
3(130 154 86)
3(272 228 296)
3(131 155 87)
3(273 229 297)
3(132 156 88)
3(274 230 298)
3(141 145 85)
3(283 227 287)
3(142 146 86)
3(284 228 288)
3(143 147 87)
3(285 229 289)
3(144 148 88)
3(286 230 290)
3(181 125 89)
3(323 231 267)
3(182 127 90)
3(324 232 269)
3(183 126 91)
3(325 233 268)
3(184 128 92)
3(326 234 270)
3(125 186 85)
3(267 227 328)
3(126 187 86)
3(268 228 329)
3(127 188 87)
3(269 229 330)
3(128 189 88)
3(270 230 331)
3(141 186 101)
3(283 243 328)
3(142 187 102)
3(284 244 329)
3(143 188 103)
3(285 245 330)
3(144 189 104)
3(286 246 331)
3(177 130 97)
3(319 239 272)
3(178 129 98)
3(320 240 271)
3(179 132 99)
3(321 241 274)
3(180 131 100)
3(322 242 273)
3(181 186 125)
3(323 267 328)
3(183 187 126)
3(325 268 329)
3(182 188 127)
3(324 269 330)
3(184 189 128)
3(326 270 331)
3(134 165 93)
3(276 235 307)
3(136 166 94)
3(278 236 308)
3(133 167 95)
3(275 237 309)
3(135 168 96)
3(277 238 310)
3(170 134 93)
3(312 235 276)
3(169 133 95)
3(311 237 275)
3(172 136 94)
3(314 236 278)
3(171 135 96)
3(313 238 277)
3(186 181 101)
3(328 243 323)
3(187 183 102)
3(329 244 325)
3(188 182 103)
3(330 245 324)
3(189 184 104)
3(331 246 326)
3(150 149 84)
3(292 226 291)
3(149 150 105)
3(291 247 292)
3(138 157 11)
3(280 47 299)
3(137 158 38)
3(279 74 300)
3(139 160 29)
3(281 65 302)
3(140 159 20)
3(282 56 301)
3(159 140 100)
3(301 242 282)
3(160 139 99)
3(302 241 281)
3(157 138 98)
3(299 240 280)
3(158 137 97)
3(300 239 279)
3(11 157 10)
3(47 46 299)
3(38 158 37)
3(74 73 300)
3(29 160 28)
3(65 64 302)
3(20 159 19)
3(56 55 301)
3(41 161 40)
3(77 76 303)
3(14 162 13)
3(50 49 304)
3(32 163 31)
3(68 67 305)
3(23 164 22)
3(59 58 306)
3(137 177 97)
3(279 239 319)
3(138 178 98)
3(280 240 320)
3(139 179 99)
3(281 241 321)
3(140 180 100)
3(282 242 322)
3(186 141 85)
3(328 227 283)
3(187 142 86)
3(329 228 284)
3(188 143 87)
3(330 229 285)
3(189 144 88)
3(331 230 286)
3(151 185 84)
3(293 226 327)
3(185 152 84)
3(327 226 294)
4(8 3 80 190)
4(190 80 4 44)
4(2 16 198 81)
4(81 198 52 5)
4(13 12 194 195)
4(195 194 48 49)
4(10 9 191 192)
4(192 191 45 46)
4(15 14 196 197)
4(197 196 50 51)
4(12 11 193 194)
4(194 193 47 48)
4(9 8 190 191)
4(191 190 44 45)
4(16 15 197 198)
4(198 197 51 52)
4(11 10 192 193)
4(193 192 46 47)
4(14 13 195 196)
4(196 195 49 50)
4(17 2 81 199)
4(199 81 5 53)
4(26 1 82 208)
4(208 82 6 62)
4(35 0 83 217)
4(217 83 7 71)
4(1 25 207 82)
4(82 207 61 6)
4(3 43 225 80)
4(80 225 79 4)
4(0 34 216 83)
4(83 216 70 7)
4(40 39 221 222)
4(222 221 75 76)
4(31 30 212 213)
4(213 212 66 67)
4(22 21 203 204)
4(204 203 57 58)
4(19 18 200 201)
4(201 200 54 55)
4(28 27 209 210)
4(210 209 63 64)
4(37 36 218 219)
4(219 218 72 73)
4(42 41 223 224)
4(224 223 77 78)
4(33 32 214 215)
4(215 214 68 69)
4(24 23 205 206)
4(206 205 59 60)
4(39 38 220 221)
4(221 220 74 75)
4(30 29 211 212)
4(212 211 65 66)
4(21 20 202 203)
4(203 202 56 57)
4(18 17 199 200)
4(200 199 53 54)
4(27 26 208 209)
4(209 208 62 63)
4(36 35 217 218)
4(218 217 71 72)
4(43 42 224 225)
4(225 224 78 79)
4(25 24 206 207)
4(207 206 60 61)
4(34 33 215 216)
4(216 215 69 70)
4(38 37 219 220)
4(220 219 73 74)
4(29 28 210 211)
4(211 210 64 65)
4(20 19 201 202)
4(202 201 55 56)
4(41 40 222 223)
4(223 222 76 77)
4(32 31 213 214)
4(214 213 67 68)
4(23 22 204 205)
4(205 204 58 59)
)


// ************************************************************************* //
