/*--------------------------------*- C++ -*----------------------------------*\
| =========                 |                                                 |
| \\      /  F ield         | OpenFOAM: The Open Source CFD Toolbox           |
|  \\    /   O peration     | Version:  4.1                                   |
|   \\  /    A nd           | Web:      www.OpenFOAM.org                      |
|    \\/     M anipulation  |                                                 |
\*---------------------------------------------------------------------------*/
FoamFile
{
    version     2.0;
    format      ascii;
    class       labelList;
    note        "nPoints:438  nCells:500  nFaces:1540  nInternalFaces:960";
    location    "constant/polyMesh";
    object      neighbour;
}
// * * * * * * * * * * * * * * * * * * * * * * * * * * * * * * * * * * * * * //


960
(
1
18
170
496
19
171
497
3
10
244
11
245
5
12
246
13
247
7
14
248
15
249
9
16
250
17
251
11
252
253
13
256
257
15
254
255
17
258
259
19
44
64
45
65
21
36
336
358
37
337
359
23
38
62
356
39
63
357
25
40
338
362
41
339
363
27
42
64
360
43
65
361
29
32
74
334
33
75
335
31
34
72
166
35
73
167
33
66
336
67
337
35
62
168
63
169
37
180
324
181
325
39
182
326
183
327
41
184
328
185
329
43
186
330
187
331
45
68
70
69
71
47
54
116
55
117
49
56
118
57
119
51
58
120
59
121
53
60
122
61
123
55
76
472
77
473
57
78
474
79
475
59
80
476
81
477
61
82
478
83
479
63
274
275
65
272
273
67
140
358
141
359
69
144
362
145
363
71
338
498
339
499
73
444
496
445
497
75
444
498
445
499
77
284
294
285
295
79
288
298
289
299
81
286
292
287
293
83
290
296
291
297
85
188
318
189
319
87
190
316
191
317
89
192
308
193
309
91
194
310
195
311
93
196
302
197
303
95
198
306
199
307
97
200
300
201
301
99
202
304
203
305
101
108
204
404
109
205
405
103
110
206
406
111
207
407
105
112
208
408
113
209
409
107
114
210
410
115
211
411
109
366
374
367
375
111
364
372
365
373
113
370
378
371
379
115
368
376
369
377
117
174
236
175
237
119
172
238
173
239
121
176
240
177
241
123
178
242
179
243
125
212
294
396
213
295
397
127
214
292
398
215
293
399
129
216
298
400
217
299
401
131
218
296
402
219
297
403
133
180
236
276
181
237
277
135
182
238
280
183
239
281
137
184
240
278
185
241
279
139
186
242
282
187
243
283
141
158
268
159
269
143
156
164
270
157
165
271
145
162
272
163
273
147
160
166
274
161
167
275
149
206
260
340
207
261
341
151
204
262
342
205
263
343
153
210
264
344
211
265
345
155
208
266
346
209
267
347
157
364
388
365
389
159
366
390
367
391
161
368
392
369
393
163
370
394
371
395
165
168
446
169
447
167
170
171
169
356
357
171
360
361
173
448
449
175
450
451
177
452
453
179
454
455
181
404
405
183
406
407
185
408
409
187
410
411
189
220
344
221
345
191
222
346
223
347
193
224
340
225
341
195
226
342
227
343
197
230
348
231
349
199
228
352
229
353
201
234
350
235
351
203
232
354
233
355
205
314
315
207
312
313
209
322
323
211
320
321
213
260
348
261
349
215
262
350
263
351
217
264
352
265
353
219
266
354
267
355
221
244
245
223
246
247
225
248
249
227
250
251
229
252
253
231
254
255
233
256
257
235
258
259
237
480
481
239
482
483
241
484
485
243
486
487
245
424
425
247
426
427
249
420
421
251
422
423
253
430
431
255
428
429
257
434
435
259
432
433
261
372
373
263
374
375
265
376
377
267
378
379
269
328
334
329
335
271
324
332
325
333
273
330
331
275
326
327
277
284
380
285
381
279
286
384
287
385
281
288
382
289
383
283
290
386
291
387
285
436
437
287
438
439
289
440
441
291
442
443
293
300
301
295
302
303
297
304
305
299
306
307
301
476
477
303
472
473
305
478
479
307
474
475
309
312
464
313
465
311
314
466
315
467
313
460
461
315
462
463
317
322
468
323
469
319
320
470
321
471
321
456
457
323
458
459
325
380
381
327
382
383
329
384
385
331
386
387
333
336
446
337
447
335
338
339
337
339
341
420
421
343
422
423
345
424
425
347
426
427
349
428
429
351
432
433
353
430
431
355
434
435
357
364
365
359
366
367
361
368
369
363
370
371
365
367
369
371
373
488
489
375
490
491
377
492
493
379
494
495
381
412
413
383
416
417
385
414
415
387
418
419
389
412
488
413
489
391
414
490
415
491
393
416
492
417
493
395
418
494
419
495
397
436
488
437
489
399
438
490
439
491
401
440
492
441
493
403
442
494
443
495
405
480
481
407
482
483
409
484
485
411
486
487
413
436
437
415
438
439
417
440
441
419
442
443
421
428
429
423
432
433
425
430
431
427
434
435
429
431
433
435
437
439
441
443
445
446
447
447
449
460
464
461
465
451
462
466
463
467
453
458
468
459
469
455
456
470
457
471
457
486
487
459
484
485
461
482
483
463
480
481
465
467
469
471
473
475
477
479
481
483
485
487
489
491
493
495
497
498
499
499
)


// ************************************************************************* //
