/*--------------------------------*- C++ -*----------------------------------*\
| =========                 |                                                 |
| \\      /  F ield         | OpenFOAM: The Open Source CFD Toolbox           |
|  \\    /   O peration     | Version:  4.1                                   |
|   \\  /    A nd           | Web:      www.OpenFOAM.org                      |
|    \\/     M anipulation  |                                                 |
\*---------------------------------------------------------------------------*/
FoamFile
{
    version     2.0;
    format      ascii;
    class       vectorField;
    location    "constant/polyMesh";
    object      points;
}
// * * * * * * * * * * * * * * * * * * * * * * * * * * * * * * * * * * * * * //


438
(
(0 0 0)
(0.1 0 0)
(0.1 0.1 0)
(0 0.1 0)
(0 0.1 0.01)
(0.1 0.1 0.01)
(0.1 0 0.01)
(0 0 0.01)
(0.01 0.1 0)
(0.02 0.1 0)
(0.03 0.1 0)
(0.04 0.1 0)
(0.05 0.1 0)
(0.06 0.1 0)
(0.07 0.1 0)
(0.08 0.1 0)
(0.09 0.1 0)
(0.1 0.09 0)
(0.1 0.08 0)
(0.1 0.07 0)
(0.1 0.06 0)
(0.1 0.05 0)
(0.1 0.04 0)
(0.1 0.03 0)
(0.1 0.02 0)
(0.1 0.01 0)
(0.09 0 0)
(0.08 0 0)
(0.07 0 0)
(0.06 0 0)
(0.05 0 0)
(0.04 0 0)
(0.03 0 0)
(0.02 0 0)
(0.01 0 0)
(0 0.01 0)
(0 0.02 0)
(0 0.03 0)
(0 0.04 0)
(0 0.05 0)
(0 0.06 0)
(0 0.07 0)
(0 0.08 0)
(0 0.09 0)
(0.01 0.1 0.01)
(0.02 0.1 0.01)
(0.03 0.1 0.01)
(0.04 0.1 0.01)
(0.05 0.1 0.01)
(0.06 0.1 0.01)
(0.07 0.1 0.01)
(0.08 0.1 0.01)
(0.09 0.1 0.01)
(0.1 0.09 0.01)
(0.1 0.08 0.01)
(0.1 0.07 0.01)
(0.1 0.06 0.01)
(0.1 0.05 0.01)
(0.1 0.04 0.01)
(0.1 0.03 0.01)
(0.1 0.02 0.01)
(0.1 0.01 0.01)
(0.09 0 0.01)
(0.08 0 0.01)
(0.07 0 0.01)
(0.06 0 0.01)
(0.05 0 0.01)
(0.04 0 0.01)
(0.03 0 0.01)
(0.02 0 0.01)
(0.01 0 0.01)
(0 0.01 0.01)
(0 0.02 0.01)
(0 0.03 0.01)
(0 0.04 0.01)
(0 0.05 0.01)
(0 0.06 0.01)
(0 0.07 0.01)
(0 0.08 0.01)
(0 0.09 0.01)
(0 0.1 0.005)
(0.1 0.1 0.005)
(0.1 0 0.005)
(0 0 0.005)
(0.05 0.05 0)
(0.0281361 0.070197 0)
(0.029803 0.0281361 0)
(0.070197 0.0718639 0)
(0.0718639 0.029803 0)
(0.0210736 0.0506833 0)
(0.0506833 0.0789264 0)
(0.0493167 0.0210736 0)
(0.0789264 0.0493167 0)
(0.0170503 0.0829497 0)
(0.0170503 0.0170503 0)
(0.0829497 0.0829497 0)
(0.0829497 0.0170503 0)
(0.0151134 0.035929 0)
(0.035929 0.0848866 0)
(0.064071 0.0151134 0)
(0.0848866 0.064071 0)
(0.0151134 0.064071 0)
(0.035929 0.0151134 0)
(0.064071 0.0848866 0)
(0.0848866 0.035929 0)
(0.0359843 0.0566986 0)
(0.0427989 0.0363936 0)
(0.0566986 0.0640157 0)
(0.0643567 0.0431769 0)
(0.0340472 0.0431587 0)
(0.0441301 0.0666173 0)
(0.0565469 0.0345738 0)
(0.0666173 0.0558699 0)
(0.01094 0.0538061 0)
(0.0461939 0.01094 0)
(0.0538061 0.08906 0)
(0.08906 0.0461939 0)
(0.0260926 0.0902335 0)
(0.00976651 0.0260926 0)
(0.0902335 0.0739074 0)
(0.0739074 0.00976651 0)
(0.00993906 0.0740299 0)
(0.0259701 0.00993906 0)
(0.0740299 0.0900609 0)
(0.0900609 0.0259701 0)
(0.0254717 0.0604121 0)
(0.0395879 0.0254717 0)
(0.0604121 0.0745283 0)
(0.0745283 0.0395879 0)
(0.0396153 0.0748686 0)
(0.0252144 0.0394938 0)
(0.0748686 0.0603847 0)
(0.0604694 0.0252802 0)
(0.0900122 0.0900122 0)
(0.00998781 0.0900122 0)
(0.0900122 0.00998781 0)
(0.00998781 0.00998781 0)
(0.00831748 0.0430675 0)
(0.0430675 0.0916825 0)
(0.0569325 0.00831748 0)
(0.0916825 0.0569325 0)
(0.0200383 0.0737024 0)
(0.0262976 0.0200383 0)
(0.0737024 0.0799617 0)
(0.0799617 0.0262976 0)
(0.0272206 0.0801265 0)
(0.0198735 0.0272206 0)
(0.0801265 0.0727794 0)
(0.0727794 0.0198735 0)
(0.0450166 0.0575851 0)
(0.0410649 0.0487185 0)
(0.0573579 0.0553271 0)
(0.0508865 0.0409677 0)
(0.0357501 0.0651952 0)
(0.0346173 0.0353057 0)
(0.0651952 0.0642499 0)
(0.0647248 0.034688 0)
(0.0350178 0.0933605 0)
(0.00663948 0.0350178 0)
(0.0933605 0.0649822 0)
(0.0649822 0.00663948 0)
(0.00719849 0.0643814 0)
(0.0643814 0.0928015 0)
(0.0356186 0.00719849 0)
(0.0928015 0.0356186 0)
(0.0179898 0.0920029 0)
(0.00799714 0.0179898 0)
(0.0920029 0.0820102 0)
(0.0820102 0.00799714 0)
(0.0820102 0.0920029 0)
(0.00799714 0.0820102 0)
(0.0920029 0.0179898 0)
(0.0179898 0.00799714 0)
(0.0301141 0.0508411 0)
(0.0508443 0.0709597 0)
(0.0490843 0.0301691 0)
(0.0709945 0.049143 0)
(0.016843 0.0439109 0)
(0.0440162 0.0832631 0)
(0.0560872 0.0168465 0)
(0.0832631 0.0559838 0)
(0.0182604 0.0574002 0)
(0.0574002 0.0817396 0)
(0.0425998 0.0182604 0)
(0.0817396 0.0425998 0)
(0.0567458 0.0461024 0)
(0.0218651 0.0666934 0)
(0.0333066 0.0218651 0)
(0.0666934 0.0781349 0)
(0.0781349 0.0333066 0)
(0.01 0.1 0.005)
(0.02 0.1 0.005)
(0.03 0.1 0.005)
(0.04 0.1 0.005)
(0.05 0.1 0.005)
(0.06 0.1 0.005)
(0.07 0.1 0.005)
(0.08 0.1 0.005)
(0.09 0.1 0.005)
(0.1 0.09 0.005)
(0.1 0.08 0.005)
(0.1 0.07 0.005)
(0.1 0.06 0.005)
(0.1 0.05 0.005)
(0.1 0.04 0.005)
(0.1 0.03 0.005)
(0.1 0.02 0.005)
(0.1 0.01 0.005)
(0.09 0 0.005)
(0.08 0 0.005)
(0.07 0 0.005)
(0.06 0 0.005)
(0.05 0 0.005)
(0.04 0 0.005)
(0.03 0 0.005)
(0.02 0 0.005)
(0.01 0 0.005)
(0 0.01 0.005)
(0 0.02 0.005)
(0 0.03 0.005)
(0 0.04 0.005)
(0 0.05 0.005)
(0 0.06 0.005)
(0 0.07 0.005)
(0 0.08 0.005)
(0 0.09 0.005)
(0.05 0.05 0.01)
(0.0281361 0.070197 0.01)
(0.029803 0.0281361 0.01)
(0.070197 0.0718639 0.01)
(0.0718639 0.029803 0.01)
(0.0210736 0.0506833 0.01)
(0.0506833 0.0789264 0.01)
(0.0493167 0.0210736 0.01)
(0.0789264 0.0493167 0.01)
(0.0170503 0.0829497 0.01)
(0.0170503 0.0170503 0.01)
(0.0829497 0.0829497 0.01)
(0.0829497 0.0170503 0.01)
(0.0151134 0.035929 0.01)
(0.035929 0.0848866 0.01)
(0.064071 0.0151134 0.01)
(0.0848866 0.064071 0.01)
(0.0151134 0.064071 0.01)
(0.035929 0.0151134 0.01)
(0.064071 0.0848866 0.01)
(0.0848866 0.035929 0.01)
(0.0359843 0.0566986 0.01)
(0.0427989 0.0363936 0.01)
(0.0566986 0.0640157 0.01)
(0.0643567 0.0431769 0.01)
(0.0340472 0.0431587 0.01)
(0.0441301 0.0666173 0.01)
(0.0565469 0.0345738 0.01)
(0.0666173 0.0558699 0.01)
(0.01094 0.0538061 0.01)
(0.0461939 0.01094 0.01)
(0.0538061 0.08906 0.01)
(0.08906 0.0461939 0.01)
(0.0260926 0.0902335 0.01)
(0.00976651 0.0260926 0.01)
(0.0902335 0.0739074 0.01)
(0.0739074 0.00976651 0.01)
(0.00993906 0.0740299 0.01)
(0.0259701 0.00993906 0.01)
(0.0740299 0.0900609 0.01)
(0.0900609 0.0259701 0.01)
(0.0254717 0.0604121 0.01)
(0.0395879 0.0254717 0.01)
(0.0604121 0.0745283 0.01)
(0.0745283 0.0395879 0.01)
(0.0396153 0.0748686 0.01)
(0.0252144 0.0394938 0.01)
(0.0748686 0.0603847 0.01)
(0.0604694 0.0252802 0.01)
(0.0900122 0.0900122 0.01)
(0.00998781 0.0900122 0.01)
(0.0900122 0.00998781 0.01)
(0.00998781 0.00998781 0.01)
(0.00831748 0.0430675 0.01)
(0.0430675 0.0916825 0.01)
(0.0569325 0.00831748 0.01)
(0.0916825 0.0569325 0.01)
(0.0200383 0.0737024 0.01)
(0.0262976 0.0200383 0.01)
(0.0737024 0.0799617 0.01)
(0.0799617 0.0262976 0.01)
(0.0272206 0.0801265 0.01)
(0.0198735 0.0272206 0.01)
(0.0801265 0.0727794 0.01)
(0.0727794 0.0198735 0.01)
(0.0450166 0.0575851 0.01)
(0.0410649 0.0487185 0.01)
(0.0573579 0.0553271 0.01)
(0.0508865 0.0409677 0.01)
(0.0357501 0.0651952 0.01)
(0.0346173 0.0353057 0.01)
(0.0651952 0.0642499 0.01)
(0.0647248 0.034688 0.01)
(0.0350178 0.0933605 0.01)
(0.00663948 0.0350178 0.01)
(0.0933605 0.0649822 0.01)
(0.0649822 0.00663948 0.01)
(0.00719849 0.0643814 0.01)
(0.0643814 0.0928015 0.01)
(0.0356186 0.00719849 0.01)
(0.0928015 0.0356186 0.01)
(0.0179898 0.0920029 0.01)
(0.00799714 0.0179898 0.01)
(0.0920029 0.0820102 0.01)
(0.0820102 0.00799714 0.01)
(0.0820102 0.0920029 0.01)
(0.00799714 0.0820102 0.01)
(0.0920029 0.0179898 0.01)
(0.0179898 0.00799714 0.01)
(0.0301141 0.0508411 0.01)
(0.0508443 0.0709597 0.01)
(0.0490843 0.0301691 0.01)
(0.0709945 0.049143 0.01)
(0.016843 0.0439109 0.01)
(0.0440162 0.0832631 0.01)
(0.0560872 0.0168465 0.01)
(0.0832631 0.0559838 0.01)
(0.0182604 0.0574002 0.01)
(0.0574002 0.0817396 0.01)
(0.0425998 0.0182604 0.01)
(0.0817396 0.0425998 0.01)
(0.0567458 0.0461024 0.01)
(0.0218651 0.0666934 0.01)
(0.0333066 0.0218651 0.01)
(0.0666934 0.0781349 0.01)
(0.0781349 0.0333066 0.01)
(0.05 0.05 0.005)
(0.0281361 0.070197 0.005)
(0.029803 0.0281361 0.005)
(0.070197 0.0718639 0.005)
(0.0718639 0.029803 0.005)
(0.0210736 0.0506833 0.005)
(0.0506833 0.0789264 0.005)
(0.0493167 0.0210736 0.005)
(0.0789264 0.0493167 0.005)
(0.0170503 0.0829497 0.005)
(0.0170503 0.0170503 0.005)
(0.0829497 0.0829497 0.005)
(0.0829497 0.0170503 0.005)
(0.0151134 0.035929 0.005)
(0.035929 0.0848866 0.005)
(0.064071 0.0151134 0.005)
(0.0848866 0.064071 0.005)
(0.0151134 0.064071 0.005)
(0.035929 0.0151134 0.005)
(0.064071 0.0848866 0.005)
(0.0848866 0.035929 0.005)
(0.0359843 0.0566986 0.005)
(0.0427989 0.0363936 0.005)
(0.0566986 0.0640157 0.005)
(0.0643567 0.0431769 0.005)
(0.0340472 0.0431587 0.005)
(0.0441301 0.0666173 0.005)
(0.0565469 0.0345738 0.005)
(0.0666173 0.0558699 0.005)
(0.01094 0.0538061 0.005)
(0.0461939 0.01094 0.005)
(0.0538061 0.08906 0.005)
(0.08906 0.0461939 0.005)
(0.0260926 0.0902335 0.005)
(0.00976651 0.0260926 0.005)
(0.0902335 0.0739074 0.005)
(0.0739074 0.00976651 0.005)
(0.00993906 0.0740299 0.005)
(0.0259701 0.00993906 0.005)
(0.0740299 0.0900609 0.005)
(0.0900609 0.0259701 0.005)
(0.0254717 0.0604121 0.005)
(0.0395879 0.0254717 0.005)
(0.0604121 0.0745283 0.005)
(0.0745283 0.0395879 0.005)
(0.0396153 0.0748686 0.005)
(0.0252144 0.0394938 0.005)
(0.0748686 0.0603847 0.005)
(0.0604694 0.0252802 0.005)
(0.0900122 0.0900122 0.005)
(0.00998781 0.0900122 0.005)
(0.0900122 0.00998781 0.005)
(0.00998781 0.00998781 0.005)
(0.00831748 0.0430675 0.005)
(0.0430675 0.0916825 0.005)
(0.0569325 0.00831748 0.005)
(0.0916825 0.0569325 0.005)
(0.0200383 0.0737024 0.005)
(0.0262976 0.0200383 0.005)
(0.0737024 0.0799617 0.005)
(0.0799617 0.0262976 0.005)
(0.0272206 0.0801265 0.005)
(0.0198735 0.0272206 0.005)
(0.0801265 0.0727794 0.005)
(0.0727794 0.0198735 0.005)
(0.0450166 0.0575851 0.005)
(0.0410649 0.0487185 0.005)
(0.0573579 0.0553271 0.005)
(0.0508865 0.0409677 0.005)
(0.0357501 0.0651952 0.005)
(0.0346173 0.0353057 0.005)
(0.0651952 0.0642499 0.005)
(0.0647248 0.034688 0.005)
(0.0350178 0.0933605 0.005)
(0.00663948 0.0350178 0.005)
(0.0933605 0.0649822 0.005)
(0.0649822 0.00663948 0.005)
(0.00719849 0.0643814 0.005)
(0.0643814 0.0928015 0.005)
(0.0356186 0.00719849 0.005)
(0.0928015 0.0356186 0.005)
(0.0179898 0.0920029 0.005)
(0.00799714 0.0179898 0.005)
(0.0920029 0.0820102 0.005)
(0.0820102 0.00799714 0.005)
(0.0820102 0.0920029 0.005)
(0.00799714 0.0820102 0.005)
(0.0920029 0.0179898 0.005)
(0.0179898 0.00799714 0.005)
(0.0301141 0.0508411 0.005)
(0.0508443 0.0709597 0.005)
(0.0490843 0.0301691 0.005)
(0.0709945 0.049143 0.005)
(0.016843 0.0439109 0.005)
(0.0440162 0.0832631 0.005)
(0.0560872 0.0168465 0.005)
(0.0832631 0.0559838 0.005)
(0.0182604 0.0574002 0.005)
(0.0574002 0.0817396 0.005)
(0.0425998 0.0182604 0.005)
(0.0817396 0.0425998 0.005)
(0.0567458 0.0461024 0.005)
(0.0218651 0.0666934 0.005)
(0.0333066 0.0218651 0.005)
(0.0666934 0.0781349 0.005)
(0.0781349 0.0333066 0.005)
)


// ************************************************************************* //
